date        NoDur  Durbl  Manuf  Enrgy  HiTec  Telcm  Shops  Hlth   Utils  Other
192607   1.43  15.61   4.60  -1.17   2.90   0.83  -2.81   1.64   7.10   2.12
192608   4.00   3.64   2.79   3.31   2.66   2.17  -0.54   4.51  -1.74   4.39
192609   1.20   4.88   1.22  -3.37  -0.38   2.41   0.14   0.61   1.96   0.29
192610  -1.34  -8.22  -3.61  -0.78  -4.58  -0.11  -5.31  -0.73  -2.67  -2.85
192611   5.15  -0.20   4.14  -0.44   4.71   1.63   4.05   5.53   3.76   2.15
192612   0.84   9.91   3.70   2.79  -0.02   1.99   2.89   0.15  -0.12   3.39
192701  -0.64  -0.91  -0.06   1.21  -1.14   1.88  -3.19   4.91  -1.77   1.52
192702   3.37   8.88   5.80   1.43   4.45   3.97   4.55   1.65   4.60   5.04
192703   2.71   1.65   1.47  -5.91   1.45   5.56   2.85   0.88   0.44   1.26
192704   3.31   3.17   0.78  -5.04   5.40  -2.13   2.21   3.25   1.65   0.91
192705   8.17   5.92   5.09   4.80   7.37   3.35   0.63   4.01   9.31   6.39
192706  -1.75  -2.95  -2.79  -3.16   3.28  -2.14   0.21   0.45  -3.64  -1.97
192707   5.15  13.13  10.39   2.90  11.89   3.73   9.46   9.84   5.31   6.18
192708   2.43   7.02   3.67   0.00   5.79   0.43  13.08   0.28   3.43  -1.20
192709   5.31   5.73   4.75   3.33   1.42   6.53   5.12   5.65   8.29   4.75
192710  -0.80  -4.38  -6.70  -2.06  -7.19  -2.09  -6.01   5.13  -4.34  -3.80
192711   6.78   6.35  10.85   4.15  10.62   2.83  10.92   3.68   6.32   4.53
192712   2.47   7.78   3.08   0.90   1.18   1.33  -0.18  -0.46   2.24   2.00
192801   0.57  -3.34  -0.57  -1.87  -0.40   0.30  -0.56   2.69   5.87  -1.17
192802  -3.99   1.30  -1.89  -0.21  -0.45  -0.30  -1.67  -1.38  -0.70  -1.94
192803   4.36  27.62   8.21   5.37  19.22   1.96   8.78  10.54   6.62   6.05
192804  -0.43   1.42   1.47  15.12   2.23   3.22   0.53   2.35  10.94   4.10
192805   0.88   5.64   3.54  -5.26   2.57   6.61   3.97   9.27   1.51   0.09
192806  -4.35  -4.03  -4.90  -4.05  -5.13  -5.23  -4.10  -3.15  -3.43  -4.22
192807   1.84   0.87   2.00   0.98   0.63  -1.28   4.85   2.68  -1.15  -0.32
192808   5.95   9.06   8.60   2.38  10.06   4.55  11.94  15.11   6.46   4.77
192809   1.22   7.78   4.15   5.21   0.73   0.15   1.53  -1.50   3.35   1.94
192810   0.79   0.14   4.31   1.91   1.82   2.97   4.10  -0.08  -1.64  -0.32
192811   6.57   4.48  13.11  17.28  19.67   6.68  14.16   5.05  21.98  10.06
192812  -0.45  -1.26   3.04  -4.24   7.14  -0.38  -2.62  -0.28   1.52   0.47
192901   3.46   1.27  11.04  -7.67  10.44  13.38  -4.26   3.25  12.96   5.67
192902  -2.51  -0.11   3.37  -0.03  -0.75  -1.15  -2.48  -0.16  -2.10  -0.05
192903  -4.51  -1.83  -1.81  11.04   4.60   4.29  -5.71  -1.93  -3.09  -2.21
192904   1.85  -1.01   2.59   0.75   1.67   3.39   2.99   1.55   5.26   0.56
192905  -3.97 -15.02  -9.78  -5.55   0.46  -8.76  -7.17  -7.67   5.17   0.17
192906   5.00   6.92  13.30   1.13  17.04  13.70   8.12   4.13  23.43   5.81
192907   3.21  -2.91   4.13   0.36   9.15  13.69   0.49   2.87   9.34   6.65
192908   4.81   3.03   9.66  11.64  12.35  10.99   7.14   4.04   9.23   7.89
192909  -3.66  -8.35  -7.26  -2.85  -7.49  -1.35  -4.62  -6.98   1.58  -6.47
192910 -10.35 -28.90 -19.50  -9.85 -27.79 -15.41 -23.94 -18.02 -29.83 -11.84
192911  -8.30 -17.30 -14.04  -6.29 -19.23  -9.47 -12.41  -8.53 -14.66  -9.62
192912   0.76   4.90   1.60  -0.97  11.02   1.00  -3.04   1.40   8.00  -0.38
193001   5.63   5.88   6.84  -0.91  10.42   1.19   3.39   2.24   7.21   4.56
193002   2.28   2.43   2.24  -4.47   7.63   7.06  -5.70   2.88   8.43   3.38
193003   2.25  11.43   6.88  17.48   8.28   9.10  -1.83   5.90   9.43   4.92
193004   0.60  -7.77  -7.48   6.66   2.10  -4.52   1.01   0.05   3.38  -6.56
193005   1.45   4.16  -1.84  -3.55  -4.36   0.46  -0.24  -1.22  -1.11  -0.94
193006 -11.05 -22.24 -16.45 -15.21 -19.65  -8.34 -15.11 -13.21 -19.05 -11.72
193007   3.11  12.09   4.77   5.12   4.07   1.27   3.15   6.12   1.82   3.56
193008   2.03  -1.90  -0.08  -3.19   2.23   1.74   4.36   8.08   1.59  -0.30
193009  -8.98 -16.71 -13.69 -15.46 -18.21  -5.26  -9.70  -8.71 -12.04 -10.37
193010  -4.79 -11.61  -9.98  -8.18 -17.31  -4.11  -8.62  -4.66  -8.71  -8.40
193011   0.14   5.45  -0.45  -3.74  -3.27  -3.28   2.82  -3.08  -8.07  -5.26
193012  -4.61  -1.24  -8.22 -12.23 -10.67  -3.80 -12.86  -7.30  -3.62  -8.87
193101   5.43   8.00   3.40   5.22   5.15   4.79   5.94   7.96   6.15  11.63
193102   6.85  17.37  12.92   5.60  22.37   5.95  16.13   8.59  15.43   5.37
193103  -1.74  -3.77  -6.77 -14.19  -7.58  -3.58  -4.51   1.81  -3.26  -9.55
193104  -5.11  -7.83 -14.14 -13.40 -12.93  -4.24  -4.49  -3.69  -9.95  -9.73
193105 -10.91 -16.11 -16.33 -12.51 -12.89  -8.94  -4.16  -9.97 -10.78 -17.63
193106  10.93  14.59  17.40  17.54  18.54  10.20   7.01   9.58  12.12  16.40
193107  -3.59  -2.02 -10.26  -3.32 -10.22  -4.88  -1.06   3.18  -5.21  -9.89
193108  -0.64  -2.74  -0.13   8.92   3.78   0.82   2.17   0.03  -1.99  -4.11
193109 -24.48 -34.78 -29.80 -25.98 -33.83 -21.56 -28.63 -29.95 -32.96 -26.25
193110   6.77  12.91   6.19  13.27  11.36   4.36  12.61  11.06  10.44   1.26
193111  -4.32  -3.48  -8.29 -10.06 -14.14  -6.83  -7.48  -2.45  -4.66 -18.61
193112  -9.71  -8.77 -15.39 -17.58 -13.34  -7.93 -13.58  -4.11 -13.29 -16.42
193201   2.04  -6.89  -0.53  -4.30 -11.55  -4.04   0.25  -3.00  -2.52   6.81
193202   5.31   2.18   6.09   7.81   6.23  11.63   3.22   2.80   6.97  -0.32
193203  -5.82 -22.22 -14.28  -0.60 -14.38  -9.90  -8.31  -6.87  -9.51 -15.91
193204 -11.28 -29.42 -23.08 -12.20 -24.12 -12.38 -14.65 -19.91 -15.59 -22.28
193205 -21.26 -18.56 -18.04  -7.55 -28.70 -10.80 -30.15 -34.74 -26.83 -30.00
193206   1.50  -7.91  -2.67   5.27   7.10  -9.55  -2.62  10.43   1.54  -2.07
193207  24.09  44.86  41.72  33.50  44.09  16.67  27.41  29.95  29.18  55.52
193208  22.28  45.16  46.29  17.23  45.34  28.16  34.57  37.46  43.16  58.74
193209  -0.63   8.43  -2.55 -10.96  -5.60   0.25   0.45 -12.86  -4.61  -4.05
193210 -11.26 -24.70 -15.83  -3.60 -18.97  -8.12 -11.37 -19.42 -10.88 -17.90
193211  -7.10  -2.70 -10.37  -2.80  -8.23  -1.12  -5.16   6.32  -3.38  -6.96
193212   3.44   4.41   3.33   0.16   7.64   3.67   6.81   8.11   9.11   4.91
193301   4.85   0.82   3.30  -2.37   1.47   0.30  -2.53  -1.30  -4.46   8.79
193302  -8.87 -24.36 -17.42 -13.01 -20.08  -7.78 -15.86 -10.12 -19.69 -16.35
193303  10.46   9.10  11.25   3.96   6.19  -5.83   7.75  -3.94 -12.68   4.00
193304  34.41  79.71  57.40  32.57  53.43  13.19  37.05  38.66  24.76  30.17
193305  12.72  26.01  25.96  17.30  19.53  17.37  16.28  24.87  19.26  31.35
193306  10.70  20.84  12.44  12.50  10.76  10.48  16.34  10.85  15.60  14.35
193307  -6.61  -6.94 -11.33 -11.56 -10.93  -4.35 -13.65 -19.43 -13.54  -6.59
193308   9.90  20.80  16.23  18.38  12.76   4.50   7.31  -0.29  -1.30  14.59
193309  -7.59 -15.28  -9.99  -2.14 -17.15  -3.55  -8.69  -2.70 -19.82 -16.47
193310  -8.73 -10.00  -7.94  -4.83  -9.68  -7.18  -8.60  -5.91  -7.75 -10.84
193311   4.89  25.35  12.78  14.28  12.66   5.61  13.95   9.39  -2.68   5.36
193312  -3.39  10.35   4.64  -1.10   1.43  -3.75   6.19 -11.20   1.48   4.90
193401  10.48  13.13  10.97   9.29  15.84   5.96  21.17  16.27  20.58  18.58
193402  -4.72  -2.07  -3.03  -3.07  -6.42   2.14   2.68  -3.41  -1.81  -1.88
193403   0.95  -0.34  -1.26  -1.56   3.24   1.27   3.36  -0.75  -1.80   0.76
193404   3.17  -6.80  -2.75  -2.18  -2.26  -1.25  -0.49   8.33  -3.84  -1.53
193405  -2.77 -12.75 -10.01  -4.04  -6.58  -4.30  -7.26  -0.31  -7.84  -7.27
193406   3.85  -2.66   4.32   1.17   2.60   1.32   2.17   2.07   4.40   3.15
193407  -5.14 -13.72 -11.44 -10.11 -11.84  -4.33  -7.32  -1.85 -17.45 -17.18
193408   4.34  10.84   7.55   6.93   6.51   2.55   6.37  -3.03   1.91   4.33
193409   0.13   0.69  -1.14  -1.98  -0.29   1.90   1.07   0.64   1.67  -0.35
193410   0.59  -2.08  -0.36  -5.18  -0.99  -1.58   1.23  -0.94  -7.79  -2.11
193411   8.45  17.67  12.61   7.52  13.46  -1.73  10.42   3.83  -0.22   5.71
193412  -0.84   3.49   2.25   0.69   3.70  -0.59  -1.16   0.63  -8.72  -0.11
193501  -1.40  -9.01  -2.39  -4.17   1.22  -0.45  -4.36  -0.92  -3.06  -6.67
193502   1.67  -3.28  -1.72  -2.93   0.17   1.04  -1.31   4.40 -12.04  -4.53
193503  -4.60  -5.84  -4.79  -3.72  -4.14  -0.70  -4.99  -3.24  12.23  -5.43
193504   5.66   5.68   8.94  14.78  10.19   9.14   6.22   3.57  10.92   8.78
193505   1.11   3.02   1.84   3.68   2.76   8.38   3.36  -4.31  13.67   3.75
193506   5.51   9.65   6.51   1.32   8.20   5.36   3.91   4.06   9.10   6.28
193507   3.08  19.03  10.71   0.48   9.60   5.74   6.56   3.90   9.41   7.31
193508  -1.64   8.95   3.14  -2.05   3.24   4.06   3.62   0.12   7.20   3.29
193509   1.58  10.99   4.21  -3.21   7.67   4.29  -0.21   1.33  -1.65   0.57
193510   4.61  13.63   5.84  13.18   8.74   3.09   4.37   6.11  14.60   2.36
193511   1.10   3.54   4.41   2.61   5.82   9.71   2.71   1.69   0.82  13.23
193512   2.00   5.74   3.64  14.34   3.38  -0.16  -0.87   2.53   5.61   4.26
193601   3.17   3.88   5.53  12.94   6.45   4.17  -3.95   3.66  12.64  12.00
193602   0.66   3.66   5.74   1.26   0.28   6.56   0.50   3.19  -6.41   2.93
193603  -2.08  10.20   2.48   1.70   0.00  -3.36   2.07   3.78   0.70  -2.95
193604  -4.43 -10.13  -8.93  -9.08  -8.72  -5.65  -4.17  -9.08  -8.35  -7.27
193605   4.92   4.05   6.30  -0.47   5.34   6.45   3.58   4.87   9.60   7.53
193606   2.28   6.87   1.21   1.64   1.43   2.42   6.83   1.36   3.69   1.78
193607   3.03   4.88   7.62   4.75  12.15   2.44   4.50   4.92  11.80   9.55
193608   0.76  -0.31   1.63  -0.67   2.53   1.76   2.36  -1.47  -1.08   1.80
193609  -0.73   3.25   2.07   1.37  -1.29   0.35   6.18   0.73  -2.20   0.92
193610   3.31   5.12   7.68  12.53   5.70   5.08   9.39   3.75   5.76   8.13
193611   4.34  -1.42   5.51   1.49   5.46   3.87  11.00   3.36  -3.15   0.46
193612  -1.18  -7.17   1.82   9.24   2.59  -0.39  -8.54  -2.02  -1.73  -1.21
193701   2.42   7.29   4.60   2.41   8.69  -0.85   0.60   3.31   2.24   1.05
193702   0.99  -0.44   2.65   1.34  -1.39  -3.05   2.44  -3.90  -4.23   4.69
193703  -0.91  -4.12   1.41   3.48  -4.48  -2.09  -3.58  -5.02  -6.33   2.63
193704  -6.38  -7.96  -9.09  -5.25  -7.58  -5.23  -6.11  -3.34  -7.31  -6.71
193705  -0.40  -1.99   1.02  -0.21   0.66   1.52  -6.52   1.70  -5.27  -3.37
193706  -3.27 -10.74  -3.65  -2.64  -1.37   1.40  -1.80  -4.04  -5.27  -8.94
193707   4.97  13.14   9.29   8.05   9.52   3.27  10.00   4.13  19.31   8.69
193708  -2.45  -2.23  -4.42  -6.46  -4.80  -2.54  -5.11   1.12 -10.26  -8.41
193709  -9.32 -12.63 -17.45 -12.94 -14.00  -2.08 -12.85 -10.77 -11.70 -15.86
193710  -7.01 -12.89 -13.83  -6.86  -7.23  -5.36  -6.09  -3.58  -4.94 -10.16
193711  -5.89 -15.15  -9.29 -11.28  -4.37  -3.59 -14.73  -5.14   2.92  -6.78
193712  -2.25 -16.24  -2.27  -1.19  -2.17  -1.53  -6.32  -2.07 -10.56  -6.61
193801   2.84  10.98  -1.34   0.46  -2.55  -2.44   6.98   3.52  -5.65   0.50
193802   3.59   3.51   8.52   9.15   4.20  -2.33   8.43   8.69   3.60   4.87
193803 -15.83 -27.28 -25.65 -24.56 -27.70 -17.43 -20.58 -14.37 -19.46 -29.74
193804  12.51  14.88  13.75  14.47  16.76  13.47  15.53  11.73  14.64  14.46
193805  -0.28  -6.95  -6.86  -5.70  -3.00   0.83  -3.96   1.71   2.36  -3.92
193806  13.11  35.91  33.02  21.52  27.33  12.41  22.42   9.97  16.83  24.88
193807   6.60  19.81   6.76   7.14   5.73   1.28   9.35   5.73   0.74   9.92
193808  -3.99   6.10  -1.88  -8.65  -1.11   0.29  -2.86   0.37  -5.52  -3.82
193809   0.53   0.73   1.69   0.85   1.70   0.85  -0.62  -0.03   1.23  -1.28
193810   5.14   6.48  10.48  -1.56  10.04   3.56   7.70   5.52  21.09  11.28
193811  -2.52  -1.16  -1.49  -0.06  -4.48   0.66  -0.71   1.46  -7.00  -2.00
193812   2.80   2.11   5.53   4.57   3.12   2.57   0.18   0.86   3.98   6.40
193901  -1.88  -8.36  -9.25  -6.25  -7.49   1.81  -2.73  -0.93   1.29  -8.74
193902   2.53   7.07   2.98  -1.17   2.80   3.53   5.52   3.73   8.75   4.74
193903  -5.81 -17.60 -15.36  -8.31 -15.04  -2.20  -9.02  -4.36 -13.53 -15.15
193904   0.61   0.68  -1.38  -1.05  -2.68   2.75  -0.27   0.97   2.91  -1.85
193905   5.51   7.91   7.55   2.58   8.27   5.56  10.86   5.48   6.46   8.07
193906  -2.10  -6.72  -6.28  -6.09  -8.02  -3.79  -2.65   1.19  -3.53  -7.70
193907   6.21  17.51  12.82   3.09  14.09   6.50   9.00   3.05  12.64  11.55
193908  -7.31  -6.91  -6.67  -3.82  -8.00  -4.18  -6.59  -5.38  -6.06  -9.93
193909   4.81  23.61  26.86  26.08  12.35   2.35   0.03   7.03   3.60  25.76
193910   3.24  -1.36  -2.67  -3.85  -0.97   3.06   6.17   0.19   2.16  -1.63
193911  -0.50  -2.87  -5.88  -6.45  -2.58   0.98  -2.63   1.22  -1.43  -4.99
193912   3.17   3.85   3.95  -0.05   3.73   2.87   4.11   3.80   2.96   2.33
194001   1.69  -3.89  -4.61  -2.08  -4.27  -0.11  -0.98  -1.82  -0.02  -2.66
194002   0.91   2.06   2.72   0.89  -0.64   1.04   1.15   1.50  -1.24   0.85
194003   1.59   3.77   1.53   1.60   3.12   1.16   3.57   1.89   1.70   2.64
194004   1.81  -0.54   0.78   0.07  -1.40   0.33   0.38  -0.31  -1.36  -0.81
194005 -20.85 -26.04 -22.16 -24.16 -20.74 -14.13 -23.45 -21.25 -19.86 -23.87
194006   5.31   8.68   4.31   5.32   3.03   8.72   8.11   4.94  17.42   8.55
194007  -0.07   5.91   4.28   3.21   5.00   1.97   4.72  -0.53   0.11   3.42
194008   1.32   7.38   2.48   1.36   3.27  -0.36   2.45  -2.29  -1.02   2.88
194009   2.52   3.16   4.17  -2.11   4.15   1.66   3.03   4.65  -2.16   2.49
194010  -1.51   3.93   3.99   6.21   2.42   1.61   0.39  -3.05   3.93   5.21
194011  -0.91  -0.60  -1.50   0.78  -2.75   0.61  -1.80  -1.83 -13.06  -0.16
194012   0.58  -3.32   1.19   2.48  -0.08   2.05   0.54  -0.22   1.75   0.26
194101  -0.46  -9.22  -7.01  -2.12  -2.59  -2.10  -3.37  -2.21  -2.10  -1.58
194102  -2.50   1.32  -2.05  -0.69  -0.38  -2.23  -4.00  -4.72  -1.16  -0.32
194103   0.63  -1.74   0.81   3.34   0.33   1.77   1.37   1.76  -3.26   1.90
194104  -4.14 -10.62  -5.71   1.47  -8.88  -6.35  -4.27  -5.27  -9.51  -4.40
194105  -1.32   0.43   3.71   5.49  -0.44   0.40   2.73  -1.48  -4.58  -0.93
194106   6.22   3.90   6.49   5.34  10.75   5.04   5.30   6.76   4.06   4.52
194107   5.59   3.84   7.05  11.26   1.73  -0.39   4.99   8.01   5.32   7.37
194108   0.81   2.45  -0.65  -3.25   0.79   1.06   2.70   0.07  -2.16   0.12
194109   1.87   4.22  -2.91  -0.90  -0.78   0.25   0.25  -0.21  -2.68  -2.58
194110  -7.02  -8.01  -6.39   2.62 -10.26  -2.72  -4.95  -3.70  -9.56  -4.11
194111  -3.06  -3.61  -1.39   3.16  -2.10  -4.03  -3.32  -2.94  -6.56  -1.64
194112  -4.07 -11.79   0.87 -11.00   0.67  -8.59  -8.58  -1.49  -7.44  -5.50
194201   2.43   6.17  -2.28  -1.54   0.95  -1.37  -0.91  -3.13   3.93   9.43
194202  -5.55   5.21  -2.46  -5.75  -2.51  -0.58  -2.21  -5.41  -2.45  -1.92
194203  -8.29   1.40  -5.60  -7.95  -6.35  -6.92  -8.24  -5.65 -12.12  -9.01
194204  -4.03  -4.37  -4.53  -3.43  -3.57  -7.32  -5.29  -4.47  -3.32  -2.00
194205   8.80  10.04   1.76   6.65   7.86   7.72  11.73  14.80   8.52   3.45
194206   3.61   1.77   3.56   4.30   4.51  -2.23   2.32   2.85   1.77   1.93
194207   2.37   2.00   2.75   5.92   1.84   4.45   4.28   1.51  -0.48   6.58
194208   0.87   2.31   1.30   3.40   0.72   2.34   2.44   2.22   0.79   2.41
194209  -0.11   2.56   3.23   2.52   5.19   2.07  -0.11   0.25   5.83   3.31
194210   4.38   5.78   6.68   9.45   6.22   6.13   0.71   4.05  15.00   8.63
194211   2.76  -0.08  -2.28   0.98   2.01   2.71   6.44   1.57  -1.12  -1.96
194212   4.62   8.20   5.27   7.47   6.04   0.35   2.26   8.80   4.28   4.30
194301   9.07   5.18   6.89   6.30   9.90   3.73   7.45   2.25  14.65   7.21
194302   3.55   7.45   5.15   7.84   3.40   8.75   3.13   3.79   7.80   9.52
194303   4.35   4.95   5.90   7.41   7.45   0.60   8.84   4.40   4.62   9.93
194304   0.90   0.55  -1.49   0.73   1.20   4.13   1.76   1.25   4.03   2.22
194305   6.55   6.43   5.34   5.91   6.21   4.53   7.38   5.02   4.37   5.52
194306   1.99   4.83   0.87   1.13   2.35   2.49   4.51   0.48   4.26  -0.80
194307  -1.71  -9.62  -6.70  -2.96  -7.32  -0.10  -2.35  -3.08  -0.41  -5.09
194308   0.94   3.45   0.66   1.01   0.41   0.82   3.15   0.29   1.18   1.37
194309   2.20   1.73   2.68   1.39   5.24   1.49   2.78   3.94   3.77   2.22
194310  -0.22  -1.11  -0.85  -2.03  -3.38   0.71  -3.30   0.50   0.57  -1.10
194311  -4.45  -5.22  -6.31  -6.78  -6.45  -1.74  -4.19  -3.98  -8.27  -7.85
194312   6.00   7.79   5.81   7.53   8.03   3.18   6.01   3.76   7.36   7.17
194401   3.94   0.96   1.91   0.60   0.51   0.89   1.63   0.33  -0.29   4.46
194402  -0.54   3.74  -0.38   0.08  -2.10   0.86   1.30  -2.60   1.56   2.08
194403   2.83   4.79   2.23   1.87   3.75   0.70   2.07   2.48   1.71   2.66
194404  -1.92  -1.15  -2.00  -1.36  -1.94  -0.57  -1.33  -2.33  -0.92  -2.38
194405   5.30   7.84   5.51   5.00   3.61   2.80   5.52   5.65   2.77   4.29
194406   5.46   9.15   7.03   0.52   7.43   3.25   6.16   3.89   4.94   5.86
194407  -0.38  -4.91  -1.95  -1.21  -1.84  -0.37  -0.24  -1.32   0.30  -0.82
194408   2.48   3.94   2.17  -1.95   1.89   0.65   3.77   0.84   3.58   0.40
194409  -0.16   0.60   0.51  -1.37  -0.63   0.25   1.29   0.36  -1.49   0.13
194410   0.05  -2.74  -0.34   1.87   0.88   0.77   0.47   1.19   1.49   0.69
194411   1.21   2.22   0.85   2.61   1.54   0.69   2.56   0.39  -0.29   4.33
194412   2.04   3.99   4.17   5.12   4.65   0.73   2.95   1.65   3.08   8.41
194501   2.57   1.26   2.79   4.89   0.57  -2.03  -0.97   0.39   5.74   0.60
194502   3.94   7.60   6.85   7.29   6.64   2.87   4.72   4.39   6.13   7.86
194503  -2.99  -6.03  -4.74  -5.23  -3.80  -0.15  -1.29  -1.85  -3.08  -3.58
194504   7.06  11.06   8.38   6.90   8.07   2.52   6.68   6.41   9.95   8.87
194505   2.47   0.78   0.78  -0.84   1.79   3.73   6.27   4.13   1.95   2.99
194506   0.69  -1.61  -0.22  -0.49  -1.90   2.59  -3.52  -4.67   4.85   4.35
194507  -1.39  -0.94  -2.95  -3.27  -1.71   2.19  -0.88  -1.62  -0.44  -5.35
194508   7.63   9.42   8.75   2.21   9.67   1.69   8.28   9.30   1.17   2.47
194509   6.23   2.79   6.14   1.91   3.35   1.99   5.72   6.57   6.51   6.06
194510   6.66   0.09   2.34   6.33   0.74   2.34   6.29   6.39   5.93   5.72
194511   3.62   2.62   4.88   8.36   2.61   3.39   6.35   8.62   4.96   9.01
194512   1.13   2.53   1.54  -0.23   2.58   0.48   2.21   1.27  -0.91   0.11
194601   5.27   6.59   7.95  -0.08   6.51   1.94  10.50   7.61  10.60   7.55
194602  -4.84  -8.89  -6.06  -4.70  -7.42  -2.85  -4.01  -4.14  -5.49  -6.23
194603   6.37   1.00   5.75  11.04   1.97   1.28  11.71  14.71   6.46   4.63
194604   3.62   1.47   4.30   8.75   1.47   1.57   7.88  14.91   4.25   1.56
194605   3.43   5.06   4.88   3.62   5.08   2.80   2.20   5.58   2.94   3.58
194606  -3.64  -5.92  -3.54  -3.16  -5.29   0.42  -7.85  -5.50  -2.82  -3.30
194607  -0.78  -4.75  -3.20  -0.03  -3.43  -0.06  -2.39  -3.13  -3.47  -4.99
194608  -5.24 -10.33  -6.64  -5.61  -6.82  -6.92  -4.88  -3.22  -5.51  -6.64
194609 -10.35 -14.76 -10.32  -8.00  -9.81  -4.81  -6.58  -7.02  -8.73 -14.32
194610   0.49  -3.34  -1.82  -0.67  -2.85  -5.13  -2.64  -0.28   1.53  -0.20
194611  -1.08  -1.12   1.80   0.56  -2.26   1.81  -4.64   1.64   0.74   0.37
194612   3.84   6.17   6.64   4.34   4.85   3.72   4.93   7.40   6.06   2.78
194701   0.43  10.77   0.88  -0.65   5.40   0.97   3.08  -5.35  -0.37   0.50
194702   0.94   1.57  -0.67  -2.69  -2.03  -2.08  -1.26  -4.21  -0.69  -1.49
194703  -1.99  -2.64  -1.57   2.33  -2.35  -2.21  -2.42  -1.28  -2.64  -3.43
194704  -6.50  -4.07  -5.65  -0.37  -5.10  -0.26  -7.69  -8.46  -3.73  -6.32
194705  -0.32  -2.06  -2.03   2.51  -0.39  -1.07  -1.09  -2.61  -2.33  -1.79
194706   6.46   5.91   5.78   7.79   3.84  -3.22   9.72   4.23   3.92   3.28
194707   4.65   5.17   3.88   3.87   6.34   0.81   4.45   2.60   2.54   5.96
194708  -1.38  -0.74  -1.01  -2.30  -4.21   0.36  -3.52  -3.83   0.24  -3.17
194709   0.39   0.14   0.70  -2.70   1.15   0.84  -2.16  -2.62  -1.32  -0.97
194710   1.36   2.95   3.23   5.24   1.73   0.21   2.71   1.22   0.15   1.04
194711  -1.69  -2.67  -1.19  -0.34  -0.55  -2.57  -1.86  -3.04  -7.44  -1.97
194712   0.69   2.25   2.60   9.29   2.48   0.44   0.11   3.10   1.18   3.69
194801  -2.69  -5.34  -4.07  -7.43  -5.52   0.11  -2.58  -8.23  -0.22  -0.87
194802  -6.11  -5.41  -5.32  -2.96  -3.95  -1.06  -3.90  -3.53  -3.49  -4.09
194803   5.46   7.25   9.61   9.93  11.11   1.96   7.09   6.33   6.61   9.88
194804   1.31   1.16   2.51  11.21  -0.60   2.65   4.40   2.14   1.50   3.24
194805   5.08  14.42   7.86   6.08  12.76   2.49   8.84   6.78   5.74   6.76
194806  -1.99   0.33  -0.98   3.49  -1.42   0.43  -1.01  -2.19   2.58  -0.80
194807  -1.67  -4.37  -4.99  -7.18  -6.60  -1.65  -7.50  -4.25  -4.33  -4.97
194808   0.02   1.13   0.41  -2.01   3.07   0.06   2.27  -1.90   0.09   1.53
194809  -3.95  -3.88  -2.65  -4.46  -3.16  -0.23  -0.93  -3.08  -0.90  -3.42
194810   3.64   7.95   6.68   9.20   6.85   1.11   4.16   5.19   4.40   4.96
194811  -6.17 -11.86 -10.13 -12.18  -9.25  -2.06  -4.50  -5.74  -9.09 -10.58
194812   0.68   3.45   4.02   4.72   6.31   1.08   1.41   4.54   2.67   2.87
194901   3.67   2.46   0.31  -3.83  -1.33  -1.26   1.01   4.57   4.77   0.31
194902  -1.93  -3.68  -3.43  -4.30  -4.21  -0.30  -3.10  -0.93   0.67  -3.17
194903   3.20   3.41   3.57   6.06   5.82   1.36   4.26   5.50   3.76   4.89
194904  -1.62  -4.22  -3.51   1.29  -3.71  -1.64  -1.63   0.24   1.22  -1.54
194905  -0.42  -2.83  -3.30  -5.63  -5.30  -2.18   1.11  -1.88  -0.57  -2.67
194906   1.01   1.30   0.23  -1.18   0.11   1.13   3.57   2.16  -0.92  -1.37
194907   4.94   9.42   5.93   6.24   6.90   2.41   4.68   6.00   4.66   4.19
194908   3.97   2.32   2.17   5.49   0.75   0.98   1.31   0.19   3.67   1.45
194909   2.83   2.64   3.93   3.03   3.65   1.23   2.16   1.86   4.05   3.40
194910   1.53   7.35   4.33   3.71   3.74   1.88   0.38   3.38   0.45   2.44
194911   1.84   4.76   3.25  -2.77   3.90   1.67   2.38   4.81   3.16   1.21
194912   5.13   8.27   6.48   1.09   9.17   1.59   4.64   8.70   3.29   7.17
195001   1.37   1.88   1.98  -0.64   4.53   1.86   0.01   1.06   3.69   3.12
195002   0.53   3.50   1.95  -0.53   3.40   0.66   1.46   1.92   2.38   1.04
195003  -0.56   1.86   0.81   4.85   2.42   4.57  -0.67  -2.90   0.60  -0.68
195004   0.14  10.56   7.44   3.23   4.73   2.37  -0.28   5.52   0.95   1.50
195005   2.07   6.45   5.99   8.80   0.23   1.97   2.59   3.96   1.86   1.36
195006  -5.69  -4.03  -6.54  -4.52  -7.96  -4.28  -4.51  -4.19  -7.63  -6.80
195007   0.44  -2.87   2.22   8.59  -2.92  -1.32  -0.76  -6.94  -5.23   7.49
195008   3.94   9.28   6.34   4.34   5.26   2.56   4.19   3.68   3.39   2.30
195009   4.88   8.84   4.51   3.62   5.01  -0.46   7.58   6.15   4.51   6.52
195010  -0.38   0.68   0.40   0.20  -1.49   0.21   0.80  -1.76  -0.74  -1.52
195011   0.02  -2.56   5.93   5.26   2.64  -0.24   0.61   4.68  -1.18   3.94
195012   2.83   1.53   6.60   8.63   3.88   1.88   2.96   6.06   3.59  11.03
195101   4.62   9.36   6.12   6.44   7.73   1.88   3.10   3.10   5.04   6.39
195102   0.96   2.72   1.24   0.97   0.92   4.11   3.47   1.46   3.11  -0.41
195103  -2.77   1.24  -3.05  -2.33  -0.91  -1.10  -1.79   1.70  -1.39  -2.84
195104   0.95   3.41   6.87  10.65   3.17   0.85   0.05  10.41   0.22   3.74
195105  -1.27  -5.31  -2.08  -3.08  -2.77  -0.41  -1.64   1.57  -0.05  -3.26
195106  -3.58  -6.70  -3.83   1.06  -1.60  -0.18  -2.34   0.83  -0.41  -5.11
195107   3.04   3.11   8.42  11.23   5.95   2.82   2.51  14.30   5.31   7.93
195108   3.29   6.96   4.83   5.41   6.53   2.65   3.05  -1.25   2.14   3.74
195109  -0.41   2.60   0.33  -0.47   3.39  -0.08   3.05  -1.79   1.32   3.27
195110  -3.14  -2.11  -4.21   1.30  -5.85  -1.12  -3.13  -5.94   0.71  -3.60
195111   0.12   1.95   0.43  -0.98   2.34   0.49   1.33  -0.57   1.66   2.15
195112   1.90   2.51   4.29   4.31   5.16   0.88  -0.01   5.03   3.27   1.97
195201   0.51  -1.06  -0.24   6.50  -1.52   0.14  -0.43   0.86   3.08   2.21
195202  -2.08   0.35  -3.68  -3.41  -3.59  -0.66  -3.54  -4.58   0.71  -1.30
195203   1.78   8.29   2.89   8.50   5.12   1.25   2.28   0.58   2.23   5.62
195204  -3.41  -2.94  -6.68  -7.64  -3.60  -0.71  -1.71  -5.43  -1.80  -3.09
195205   1.92   3.96   4.09   3.34   2.75   1.01   2.62   2.79   2.99   3.40
195206   2.82   5.14   4.30   5.13   5.63   2.10   2.97  -1.20   1.10   4.91
195207   0.73   2.40   2.17  -0.90   1.52   0.20   1.75  -4.87   2.19   1.01
195208   0.86   2.06  -1.52  -2.66  -0.54   0.86  -0.26  -0.50   1.91   0.41
195209  -2.54  -0.70  -2.00  -4.31   1.44  -0.37  -0.69  -4.30   0.39  -0.72
195210  -1.05   1.11  -1.63   0.39  -1.26   0.99  -1.09  -1.47   0.51  -1.88
195211   5.44   6.46   8.52   1.98   8.49   4.00   4.09   7.25   5.16   6.52
195212   1.43   6.89   2.58   4.48   2.92   0.88   1.56  -1.96   1.80   3.89
195301   1.92  -0.27   0.90  -2.96  -1.25   0.93   0.69  -5.12   0.92   0.77
195302   2.52  -1.13  -0.83   0.30   1.43  -0.42  -0.13   2.09   0.41   0.16
195303  -1.73  -4.37  -1.58  -0.49  -0.45  -0.47  -0.85  -0.16   0.05  -1.68
195304  -0.31  -2.01  -2.69  -5.09  -1.57  -1.04  -0.79  -5.35  -3.19  -3.06
195305   1.41   0.01   0.30   1.69   1.65   0.35   1.53  -0.03  -0.03   1.14
195306  -1.45  -3.30  -2.28   0.02  -1.99   0.56  -2.31  -3.29  -2.76  -1.87
195307   3.08   0.73   2.48   3.84   1.94   0.88   2.10   3.66   3.38   0.89
195308  -4.07  -6.37  -4.90  -6.27  -5.19  -0.74  -2.34   0.05  -0.31  -6.48
195309   0.20  -0.87   1.12  -2.12   3.83   1.86   0.08   0.43   1.62  -1.00
195310   0.98   7.68   5.99   5.63   6.65   1.31   0.68   2.66   4.48   3.21
195311   0.06   0.51   3.98   2.01   4.84   2.32   3.08   7.98   3.03   2.49
195312  -0.93  -1.18   0.63   0.40   0.57   0.51   0.94  -1.34   0.60  -1.71
195401   4.44   5.33   4.64   8.76   7.56   1.83   3.46   5.65   3.30   6.09
195402  -0.26   1.67   1.02   2.84   6.63   2.64   0.52  -0.18   1.55   1.77
195403   1.27   3.43   4.78   4.36   7.28   1.70   0.41   0.28   2.98   2.25
195404   1.25   3.95   5.82   5.89   8.00   2.07   1.32   1.20   1.10   2.96
195405   1.99   4.48   4.15   3.18  -0.42   1.09   2.58   1.61   2.70   4.32
195406   0.75   1.20   3.58  -5.70   9.18   0.53   2.24  -2.43   1.32   1.79
195407   6.45   9.77   5.25   4.07   0.07   4.26   4.09   8.21   5.46   6.98
195408  -2.72  -3.35  -3.68   0.43  -4.37  -1.68  -0.07  -2.57  -1.72  -1.48
195409   3.74  14.39   6.21   9.70   6.74   2.62   4.70   2.82   1.98   4.15
195410  -1.83  -0.79  -1.19  -2.12  -1.49  -0.80  -2.46  -1.62  -3.84   0.24
195411   6.11   4.37  13.45   8.19  13.65   3.46   8.37  12.55   5.66  11.81
195412   3.97   7.27   6.54   6.73   3.51   1.52   2.41   6.13   3.51   9.16
195501   0.82   0.49  -0.14   0.49   3.68   0.84   1.81  -2.88   1.51   1.13
195502   1.75  -1.01   4.23   2.15   4.57   4.04   1.18   2.85   3.68   3.29
195503  -0.18   0.03   0.30   0.08  -1.90  -0.09  -1.48   6.10  -0.79   0.02
195504   3.93   5.64   4.24   0.67   5.16   1.97   1.74   0.01   2.58   2.68
195505   0.08  -1.11   2.90  -0.53   0.24   1.24   2.67   3.14  -0.09   1.55
195506   3.08   9.93   9.30  10.76   3.66   0.49   4.16   0.17   1.67   2.72
195507   3.14  18.76  -1.39   2.80  -3.18   2.68   2.03   0.14   3.80  -2.15
195508  -0.96  -4.28   3.07  -1.06   0.77  -2.47   1.58   0.15   0.14   0.10
195509  -1.19   8.76  -0.49  -0.23  -4.51   1.09   2.94  -3.20  -2.75  -2.20
195510  -0.39  -4.92  -2.87  -0.92  -4.69  -1.15  -2.35   0.81  -0.99  -2.68
195511   2.41   9.00   7.74   8.52  10.58   1.69   5.39   6.26   3.34   6.62
195512   0.94  -4.07   2.84   3.71   4.57   0.93  -0.49   6.22  -0.06   0.38
195601  -1.50  -6.57  -4.62   0.57  -4.95   1.79  -4.09  -6.50  -0.29  -3.32
195602   1.35   5.79   4.84   4.36   6.19   0.16   2.66   8.25   2.00   3.56
195603   2.24   3.99   7.82  11.23   9.39   1.34   0.30   7.24   3.84   5.35
195604   1.06  -5.16   1.00   3.49  -0.27  -0.83  -1.56   2.74  -2.20   0.33
195605  -3.30  -4.41  -5.88  -6.20  -5.95  -1.10  -4.14  -1.24  -0.74  -4.87
195606   0.62   6.57   4.62   2.71   5.75   1.21   2.26   3.58   2.36   1.94
195607   2.11   4.60   5.92   6.11   5.12   2.71   4.35   3.10   5.24   2.65
195608  -1.17   0.59  -3.21  -5.29  -3.30  -1.32  -3.76  -3.07  -2.48  -2.89
195609  -3.05  -0.89  -5.86  -5.62  -7.02  -2.76  -4.68  -3.69  -3.87  -3.82
195610   0.63  -1.34   0.79   0.57   3.52  -1.43   1.33   0.58   1.16   0.56
195611  -0.14  -3.54  -0.92   5.43   0.22   1.55  -2.00  -1.31   0.43   0.10
195612   1.30   0.88   4.70   4.02   4.40   2.58  -0.28   6.05   1.77   2.23
195701   1.68  -4.83  -5.42  -4.07  -5.44   2.89  -1.08  -2.26   2.66   0.09
195702  -1.30  -1.66  -2.79  -2.20  -1.04   0.34  -0.88  -0.35  -0.36  -2.90
195703   1.38   0.42   1.98   3.12   4.75   1.54   2.58   8.21   1.72   2.43
195704   1.11   7.30   3.51   6.76   7.94   0.50   0.24   5.43   3.15   2.71
195705   1.25   0.64   3.42   7.50   5.66   1.02   3.14   4.78   2.28   1.33
195706  -0.26  -0.21   0.15  -1.63   4.72  -2.11  -1.92   6.45  -5.11  -0.41
195707   0.67   3.27   0.61   1.03   0.92  -0.27   2.02   2.98   0.02   1.10
195708  -1.96  -2.72  -6.30  -5.67  -7.12  -0.05  -2.60  -2.26  -2.59  -4.97
195709  -1.35  -7.14  -6.93  -7.84  -6.38  -2.23   0.13  -3.71  -1.70  -5.71
195710  -2.14  -4.36  -4.85  -5.65  -2.70  -2.09  -4.08  -0.45  -0.65  -6.63
195711   3.38  -5.68   3.27   2.39   6.53   1.49   1.59   7.77   4.38   0.23
195712   0.61  -8.23  -4.70  -6.87  -3.81   1.25  -2.11  -0.38   2.58  -3.90
195801   7.55   5.45   5.72   1.60   4.35   4.27   8.13  -0.05   6.24  10.34
195802   1.97  -1.35  -1.98  -4.60  -1.88   0.65   1.40   4.92   1.28  -0.92
195803   4.05   2.62   1.55   7.97   2.53   1.17   3.89   7.53   1.96   2.69
195804   3.46   4.29   1.31   5.16   0.09   2.69   2.69   7.52   5.09   3.44
195805   2.99   4.71   3.54   0.41   1.70   2.10   3.64   1.07   1.41   3.65
195806   2.79   2.59   2.35   4.84   3.65   1.63   2.17   3.23   2.16   3.18
195807   1.67   9.41   8.47   0.72   3.74   0.91   1.98   5.91   1.12   5.12
195808   3.15  -0.27   2.43   1.98   2.16   2.32   5.68   2.02  -1.04   2.96
195809   3.97  10.28   4.55   3.22   5.98   5.22   4.11  11.71   3.51   4.33
195810   2.58   1.88   2.93   1.23   4.88   1.32   1.56   1.02   4.24   3.78
195811   4.06   2.05   3.08   2.02   4.24   2.16   5.58   8.04   2.97   4.21
195812   3.10   3.06   5.08   1.23  12.85  13.61   5.21   4.65   5.98   2.89
195901   4.27  -0.20   1.04   0.49  -1.76   3.84   3.57  -0.62   1.24   1.97
195902   2.89  -1.33   3.71  -7.31   5.22   4.79   2.87   3.86   1.25   2.20
195903   0.29  -0.70  -0.29   2.07   2.46  -0.32  -2.04   4.23   1.65  -0.24
195904   2.73   9.73   4.06   1.65   8.21   4.68   1.69  11.92  -1.12   1.89
195905   1.42   6.27   3.96  -0.98   4.24  -1.00   2.40  -1.08  -1.07   0.48
195906   1.53   0.46   1.21  -2.61  -0.67  -1.52   1.66   6.54  -2.23   1.49
195907   3.58   8.05   3.81   4.93   0.31   0.43   1.85   4.71   3.86   0.21
195908  -0.56   3.26  -1.90  -3.11  -2.95   0.43   0.73  -3.49   1.38  -1.72
195909  -3.15  -4.31  -4.99  -6.87  -4.19  -0.99  -2.13  -5.00  -4.31  -3.80
195910   3.62  -1.11   1.49   1.13   4.95   0.84   0.65   2.38   0.88   1.46
195911   0.89   0.14   2.35  -0.41   8.92  -1.14   2.14   5.58   0.43  -0.22
195912   1.16   5.91   2.16   4.19   3.39   4.43   2.57  -1.61   2.13   1.69
196001  -3.02 -11.40  -8.19  -7.35  -9.58   0.52  -5.86  -6.31  -2.08  -4.79
196002   2.87  -2.05   0.42  -3.36   5.45   9.06   3.52   0.28   2.78   0.22
196003  -1.71  -5.31  -3.55  -0.86   1.32   0.13  -0.03   1.56   1.79  -1.84
196004   1.30  -2.11  -3.75  -4.19   0.63  -0.90  -0.31   1.66   1.37  -0.58
196005   6.26  -0.48   3.76  -3.35   9.68   3.49   2.93  13.76   1.53   0.42
196006   4.26   0.69   1.67   3.47   1.49  -0.36   4.04  -0.15   5.82   3.28
196007  -0.91  -0.53  -4.31   0.84  -4.29   0.22  -3.00  -4.05  -1.24  -2.13
196008   4.49   3.27   1.75   4.04   1.30   7.20   3.23   2.57   4.47   3.11
196009  -3.44  -5.34  -7.13  -1.12  -8.70  -5.86  -8.24  -8.69  -4.56  -5.57
196010   1.68  -1.03  -1.54   2.38  -3.37   0.05   0.01  -3.55  -0.32  -0.86
196011   8.43  -0.68   4.78   3.46   7.02   4.26   6.48   3.93   3.78   6.33
196012   4.54  -0.25   3.92   5.23   2.99  12.29   2.06   6.23   6.42   4.84
196101   5.37   8.52   6.84   9.87   2.93   6.88   2.88   6.42   4.85   6.68
196102   6.55   4.45   5.17   0.60   2.80   0.19   4.96   5.37   3.67   5.62
196103   4.69   3.94   1.79   1.53   3.01   7.00   5.81   4.11   1.74   3.55
196104  -1.30  -1.00  -1.12   4.77   0.48   1.49   0.86  -0.42   1.86   0.76
196105   3.71   1.77   4.76   0.32   2.76  -1.07   3.84   2.20   2.50   4.24
196106  -1.27  -2.00  -3.14  -3.91  -3.37  -3.66   0.44  -3.65  -1.82  -4.29
196107   2.82   6.96   2.30   2.36   1.76   5.78   2.25   3.34   2.90   2.19
196108   5.11   1.94   2.15   0.05   4.53  -1.27   3.44   3.92   3.80   4.20
196109   0.05   5.54  -4.43  -6.07   0.05  -1.20   0.37  -1.54   1.42  -2.81
196110   3.17   0.42  -0.32   6.72   3.22   0.59   8.96   3.24   5.31   1.69
196111   5.70   9.75   2.94   4.68   3.03   8.85   5.01   3.57   3.41   4.05
196112  -2.98   2.12   0.14   3.59  -0.64   3.84  -0.29  -2.14  -4.23  -1.64
196201  -5.84  -0.81  -3.29   0.19  -4.99  -6.08  -8.47  -4.27  -2.60  -1.63
196202   0.36  -1.51   1.44   5.16  -0.07   4.22   1.58   3.48   2.63   1.39
196203  -1.15  -1.08  -0.59  -1.69   0.25  -2.92   0.78   0.51   1.99  -2.02
196204  -6.80  -4.35  -7.76  -3.46 -11.08  -4.10  -4.62 -11.18  -2.81  -7.26
196205 -10.98  -5.12  -8.36  -4.96 -11.33  -7.76  -9.14 -11.00 -10.48  -8.57
196206  -8.85  -6.58  -9.59  -4.61 -11.45  -8.55 -10.16 -12.64  -5.09  -9.16
196207   5.00   8.74   5.52   4.84  11.40   7.45   4.34   7.71   7.45   5.69
196208   0.99   3.80   2.34   1.30   3.45   1.86   4.13  -7.61   3.18   3.88
196209  -5.64  -2.94  -5.64  -1.76  -8.94  -6.06  -6.45  -4.29  -2.84  -5.96
196210  -3.25   2.20   1.41  -0.30  -0.24   2.74  -1.39   2.33  -1.09  -0.17
196211  12.17   7.22  13.10  10.43  14.64   6.86  11.10  17.74   7.59  14.39
196212   1.47   2.87  -1.16   4.79  -0.22   1.33  -0.02   0.68   3.45   1.10
196301   6.16   6.41   6.26   2.91   5.66   4.26   4.22   5.85   5.25   5.84
196302  -3.03  -2.99  -2.53  -0.82  -5.09  -0.94  -0.48  -2.69  -1.48  -1.13
196303   2.51   7.51   2.72   7.06   2.62   1.99   2.03   1.25   1.79   2.23
196304   2.40   5.46   4.58   5.98   6.34   3.15   5.36   7.66   2.39   4.98
196305   2.00   7.88   2.08   0.02   4.27  -0.53   2.45  -0.19   1.02   4.36
196306  -1.42  -2.81  -2.42   1.11  -4.98  -1.87  -1.44  -1.27  -1.12  -1.63
196307  -0.49  -0.20  -1.41   2.45  -0.90   0.00  -0.61   0.24   0.85  -1.42
196308   4.80   6.49   6.33   3.74   4.88   4.35   5.79   9.59   4.16   5.84
196309  -1.65  -0.26  -0.90  -3.33  -0.01   2.45   0.36  -4.03  -2.50  -3.51
196310   2.84   9.78   2.41  -0.34   8.02   4.26   0.49   3.36  -0.69   1.23
196311  -1.22  -4.80   0.34  -1.52  -0.53   4.50  -1.46  -1.61  -1.04  -0.26
196312   2.69   0.29   1.93   4.54   2.83  -0.03   0.01   1.37   2.47   2.72
196401   0.86   1.29   2.82   4.60   2.94   3.67   2.60   3.57   1.44   0.99
196402   1.84   2.13   2.61   0.87   1.87  -0.19   1.82   1.45   0.84   5.74
196403   2.89   0.88   3.93   1.27   3.17  -1.08   2.19  -2.06  -0.76   2.23
196404  -0.49   1.86  -1.61   3.85  -3.50   1.02   2.88  -1.59   1.04   0.39
196405   1.48   1.12   1.75   2.07   2.67  -0.63   3.93   0.52   0.82   2.36
196406   1.61   0.66   0.87   0.63   0.52   5.68   3.77   0.42   2.24   1.11
196407   1.59   5.23   1.37   3.28  -1.64  -2.09   1.47   4.91   4.97   1.51
196408  -0.03   1.26  -1.25  -1.55  -2.59  -1.71   0.20  -4.13  -0.07  -3.05
196409   1.75   5.06   4.74   3.29   1.44  -1.13   3.52   2.95   1.90   4.02
196410  -0.08   0.27   0.50   3.01  -1.12  -1.06   2.45   2.86   0.90   0.99
196411   0.60  -1.39  -0.54   2.34  -0.35  -2.55   3.06   2.08   1.34  -1.82
196412   0.24   1.63  -0.70  -0.43  -0.07   3.68   0.03   4.39   0.53  -1.70
196501   6.02   3.79   5.46   0.48   7.44  -0.34   3.50   7.51   3.97   4.40
196502   1.73  -0.54   2.70  -3.21   2.04   1.19   1.38   2.47   0.46   2.63
196503  -0.72   1.51  -0.92  -3.04  -0.39  -2.11  -0.78  -1.01  -0.55   0.09
196504   4.15   7.07   4.11   0.82   5.25   2.57   7.09   2.98   0.66   2.29
196505  -0.80  -3.44  -0.64   0.87   0.39   3.04   0.23  -1.18  -0.96  -1.44
196506  -5.30  -6.92  -6.33  -1.99  -5.96  -3.78  -6.04  -5.42  -3.68  -6.86
196507   1.74   2.21   2.39   1.77   3.73  -0.61  -1.41   4.01   1.06   3.57
196508   4.08   3.25   3.36   1.58   5.82   1.32   2.23   6.68   0.98   5.29
196509   0.47   7.03   3.93   4.30   5.47   0.93  -0.68   2.35   1.39   2.02
196510   2.74   6.31   4.56   1.44   5.41  -2.20   0.82   3.18   1.11   4.19
196511   1.24  -4.05   1.56   0.64   2.82  -4.56   1.59   3.50  -1.04   4.01
196512   1.44   1.19   3.21   0.11  -1.41  -0.80   1.31   3.90  -0.43   3.39
196601   2.32   0.57   3.08   1.11   1.65  -1.56  -3.80   2.54  -3.01   5.27
196602  -0.44  -1.58  -0.56  -3.60   5.25   0.86  -1.59  -1.46  -4.20   2.26
196603  -2.45  -3.08  -1.91  -2.16  -0.59  -5.11  -2.58  -1.66  -0.15  -2.37
196604   0.44   0.16   3.18   3.06   7.69   1.48   3.97   0.15   1.17   2.68
196605  -5.10  -8.16  -5.84  -3.78  -6.53  -2.96  -3.20  -5.35  -2.87  -7.77
196606  -1.72  -2.04  -0.94  -2.49   0.15   0.69  -2.37   1.16  -1.78   0.86
196607  -0.95  -2.43  -1.53   0.33  -1.73  -1.42  -1.70  -1.67  -0.19  -2.15
196608  -7.31  -7.54  -8.07  -6.48  -5.55  -4.46  -6.79  -8.03  -8.63 -11.92
196609  -1.50  -0.96  -3.34   3.97  -1.73  -0.38  -1.84  -1.14   4.42  -1.52
196610   4.30   0.62   2.37   8.56  -0.17   9.00  -0.79   4.78   9.89   2.78
196611   2.31  -3.52   2.80  -1.49  11.40  -2.66   0.67   6.93  -1.43   7.54
196612   0.44  -2.58   1.46  -0.73   0.16   2.90  -3.66  -0.18   2.18   2.54
196701   9.50  12.08  11.40   3.73  10.60   5.88  11.43   6.50   2.76  12.53
196702   2.40  -1.04   1.11  -0.05   5.93   1.68   2.92   1.47  -1.70  -0.09
196703   5.03   4.32   5.89   3.70   5.34   3.20   3.80   7.81   1.55   4.69
196704   4.41  11.02   3.71   1.76   8.01  -0.24   9.68   4.40   1.85   2.07
196705  -2.19  -7.38  -3.36  -2.23  -4.68  -6.11  -4.82  -5.29  -4.16  -1.65
196706   3.10   1.53   2.29   2.36   6.53   3.12   3.83   5.43  -1.46   4.22
196707   6.11  10.87   5.16   6.68   3.79  -7.07   5.91   3.78   2.23   8.19
196708  -1.24   0.08  -0.49  -1.79  -1.04  -1.45   0.37   0.69  -0.73  -0.97
196709   3.00   5.04   3.48   4.10   8.10   1.54   2.36   2.92  -0.15   1.93
196710  -2.53  -4.89  -3.34  -1.04   4.89  -3.52   1.00  -5.01  -5.48  -4.72
196711   0.62  -0.69   0.06   1.09   1.26   0.39   0.68   1.33   3.29  -0.04
196712   3.42   0.90   5.37   3.25   2.46   0.38   3.74   1.52   3.30   5.47
196801  -0.30  -5.18  -6.07  -0.45  -8.31   2.58   1.04  -6.63   0.43  -1.76
196802  -2.92  -2.29  -4.10  -2.80  -4.38  -2.78  -0.87  -4.23  -1.51  -2.97
196803   0.62   0.57   0.29   0.58   3.99  -1.15   2.63   0.16  -4.09  -0.70
196804  11.14  12.02  10.71   5.93  12.45   2.33  12.38  11.81   3.01  12.28
196805   5.40  -0.36   3.22   1.16   3.84  -0.67   3.67   3.33   0.64   5.98
196806   1.30  -1.62  -0.31   2.18  -1.85   3.73   0.25   2.22   8.34   2.68
196807  -3.74  -2.78  -3.84   5.22  -5.59  -0.04  -5.02  -4.14   0.17  -2.70
196808   2.55   1.09   3.46   1.33   0.52   1.63   2.29   0.68  -0.87   2.82
196809   4.90   6.76   4.75   3.55   2.86   3.35   7.83   0.83   0.27   9.09
196810   1.19   4.75   1.09   2.54  -5.05   2.91   0.76  -0.03   0.49   1.42
196811   4.52  -0.49   5.98   5.58   8.56   5.96   5.04   8.14   8.82   7.64
196812  -1.09  -4.34  -3.49  -2.63  -5.40  -6.92  -4.00  -1.04  -2.88  -3.41
196901  -0.81  -1.88  -0.39  -1.10  -4.65   1.25  -0.98  -0.25   2.41   0.66
196902  -6.76  -3.36  -5.79  -4.45  -3.56  -3.60  -4.14  -5.14  -5.20  -8.09
196903   0.68   5.00   2.55   7.09   5.42  -0.21   5.13   3.35  -1.29   0.84
196904   0.81   1.37   1.29  -0.39   3.92   8.11   3.84   5.01   1.32   1.84
196905   1.30  -0.01  -0.83   3.55  -1.70   1.33   0.46   1.66   0.00  -1.23
196906  -7.11  -5.95  -6.92  -9.77  -0.05  -4.27  -5.45  -5.09  -5.71 -10.33
196907  -6.70  -7.03  -5.45  -9.65  -5.41  -4.54  -8.47  -2.72  -3.00  -9.18
196908   4.35   3.02   4.23   6.50   7.08   1.80   8.08   9.23  -1.28   9.04
196909   0.23  -0.49  -2.10  -9.50   0.22  -4.10  -0.73   2.17  -4.16  -0.61
196910   8.38   3.79   6.81  -1.05   5.77   3.60   6.74   8.97   8.30   8.15
196911  -2.65  -4.57  -3.21  -4.54  -1.78   1.55  -4.27   0.28  -5.27  -5.56
196912  -1.96  -3.54  -1.43  -3.00  -0.74  -5.79  -3.07   4.27  -0.65  -3.54
197001  -4.01  -8.25  -7.36 -11.65  -9.04  -2.95  -5.95  -7.09  -4.24  -8.43
197002   4.49   5.86   5.22   5.49   2.96   8.32   5.51   5.53   8.35   9.47
197003  -0.73   5.04  -0.37  -0.41  -2.58   2.21  -1.72  -5.10   2.90  -1.64
197004 -10.13  -8.74  -8.98  -9.04 -14.34  -9.00 -11.28 -10.15  -8.07 -13.61
197005  -7.34  -6.16  -7.56   2.75  -9.54  -3.94  -9.42  -7.74  -5.37  -7.98
197006  -1.48  -3.72  -4.86  -2.43 -11.76  -8.76  -4.04  -0.53  -4.69  -6.68
197007   6.44  10.39   5.04  12.64   2.41  10.75  10.49   2.13   8.71   8.08
197008   1.45   8.19   4.65   6.50   8.01   2.25   5.15   1.83   4.69   4.83
197009   5.72   2.75   4.03   3.13  10.15  -0.69   7.98   8.00  -0.57   7.46
197010   0.74  -1.96  -3.12   3.12  -3.53  -3.91  -1.68   0.29  -0.77  -5.56
197011   4.98   7.04   3.88   4.85   4.09   5.95   6.91   2.96   9.34   3.78
197012   7.43   6.22   7.97   2.30   4.44   7.33   5.30   5.35   7.12   8.29
197101   4.87   3.71   5.86   0.30   5.44   9.67   8.32   4.95   2.96   7.91
197102   3.77   2.23   1.20   4.84   2.78  -5.43   3.79   1.34  -2.57   2.40
197103   4.51   3.41   4.11   2.74   8.08   0.65   6.84   3.69   2.36   5.73
197104   2.17   8.75   4.22   4.37   2.36   0.97   4.95   4.24  -3.53   4.17
197105  -3.04  -4.40  -2.28  -4.74  -6.11  -5.40  -1.91  -2.12  -3.68  -4.58
197106  -0.12  -0.58   0.38   1.06  -2.16   1.24   0.43   2.02   4.29  -1.34
197107  -2.10  -5.30  -4.85  -2.28  -8.59  -3.82  -3.56  -2.19  -2.17  -3.53
197108   3.11  10.65   6.33  -1.23   5.70  -0.11   6.18   3.17  -2.35   7.10
197109  -0.05  -0.04  -0.32  -1.72  -1.55   0.37   0.69   0.65  -1.48  -0.33
197110  -4.41  -5.12  -6.02  -4.08  -4.37  -2.21  -3.37  -2.46   2.07  -4.04
197111  -0.35   0.18  -1.00   0.08   1.78   0.38   0.21   0.72  -1.21  -0.58
197112  10.50   6.12   9.89   8.78  11.26   7.82  10.25   7.76   8.13   8.29
197201   2.48   3.37   3.24   0.13   8.41   1.08   0.21   2.65  -0.32   3.44
197202   4.62   0.43   4.96   2.61   1.87   0.35   5.78   7.12  -2.52   2.27
197203   0.14   4.40   2.48  -5.56   1.09  -0.46   2.12   0.47  -0.13   2.41
197204   1.89  -0.61   1.96  -0.54   0.74  -0.90  -0.55   1.10  -2.80   1.88
197205   0.39  -1.24   1.88   3.80   3.71   1.58   1.37   3.71  -0.15  -0.47
197206  -1.09  -2.93  -2.26  -1.09  -2.54  -2.60  -4.03   2.50  -1.57  -4.57
197207  -1.65  -1.96   0.50  -1.19   0.95   0.80  -2.48   3.11   0.05  -2.65
197208  -0.08   3.85   2.28  12.59   2.86   5.32  -0.41   1.03   5.94   3.58
197209  -2.59  -0.92  -1.21  -0.17  -1.16   4.55  -0.54  -0.45   0.20  -1.57
197210  -0.02  -2.36   1.14   3.24  -3.31   2.22   0.94   1.49   6.78   0.85
197211   6.89   8.33   4.19   6.12   2.50   6.96   6.05  -0.52   6.39   5.08
197212   0.55   1.77   0.93   1.00   1.99   1.85   1.73   3.72  -1.55  -0.64
197301  -4.70  -6.72  -3.72   5.17   1.93  -2.01  -4.28  -1.21  -4.28  -7.43
197302  -4.35  -6.04  -2.29  -7.35  -3.03  -5.08  -6.41  -0.70  -1.96  -6.23
197303  -1.03  -2.76  -0.20   3.23  -1.23   0.65  -5.77   0.77  -2.16  -0.39
197304  -6.21  -5.06  -4.47  -0.93  -6.70   0.82  -8.34  -5.48  -0.56  -7.71
197305  -2.13  -4.38  -1.13  -3.32  -2.59  -0.51  -2.22   1.05   0.37  -4.93
197306  -3.47  -2.52  -0.32   1.62  -0.09  -0.35  -5.72   0.01  -2.47  -0.21
197307   7.50   7.09   6.65   0.12   4.99  -0.54  10.89   6.88  -2.41   9.36
197308  -3.33  -3.89  -1.54  -3.88  -3.68  -4.59  -4.23  -6.93  -2.10  -2.40
197309   5.85   7.87   4.46   9.59  -2.79   8.72   7.43   0.76   7.92   7.08
197310  -2.35  -4.51   0.31   5.02   3.83  -6.35  -3.47   1.80  -3.40  -0.67
197311 -14.31 -16.16 -14.34  -6.22 -11.49  -4.38 -18.74  -7.77 -11.65 -13.10
197312  -1.65  -3.77   1.11   8.95  -4.32   5.28  -0.36  -4.51   3.43   2.74
197401   2.39   6.42   0.51  -7.90   1.25   1.33   6.87  -2.52   4.52   1.17
197402   0.02  -0.99  -0.03  -1.57  -0.60   5.03   0.94  -1.21   0.26   1.01
197403  -1.85   0.06  -0.68  -3.33  -2.76  -4.45  -3.35   1.22  -3.61  -3.49
197404  -3.79  -3.90  -2.05  -6.19  -3.68  -5.29  -2.04  -1.49 -12.21  -6.47
197405  -2.82   0.52  -2.49  -7.25  -4.29  -1.19   1.13  -0.14  -4.89  -8.31
197406  -0.56  -2.67  -0.44  -0.17  -2.97   0.66  -2.73  -1.61  -6.18  -5.30
197407 -10.21 -11.70  -7.24  -0.69  -8.48  -8.58 -12.88 -14.06   0.83  -6.59
197408 -10.28  -6.66 -10.20  -8.33  -4.89   0.79 -12.99  -8.11  -8.65 -10.52
197409 -12.14 -12.58 -12.76  -7.85 -16.87  -4.15 -11.91 -15.55  -1.31  -9.45
197410  15.63   4.15  15.98  21.26  14.78  11.73  10.19  29.49  13.02  20.03
197411  -3.84  -4.70  -5.96  -3.95  -4.92  -3.45  -5.67  -1.20  -0.13  -2.75
197412  -0.60  -3.87  -4.50   0.93  -5.30   2.00  -3.53  -3.38  -0.79  -4.29
197501  18.83  21.41  14.64   6.07  15.27  10.68  25.87  -0.58  18.77  17.64
197502   4.11   4.67   8.04   2.24  13.19   5.39   4.88  16.03   0.93   2.88
197503   7.06   6.62   5.03  -2.13   1.00  -0.81  10.56   1.31  -1.33   4.16
197504   3.11   3.97   9.62   7.14   5.54  -0.73   2.56   0.72  -1.62   3.30
197505   5.21   2.55   2.78  12.49   5.86   3.54   4.13   6.49   8.45   5.69
197506   5.35  10.31   3.49   6.07   2.27   4.13   7.63   0.91  10.80   5.88
197507  -5.39  -2.06  -5.87  -4.08  -9.39  -4.41  -7.41 -12.03  -4.78  -6.13
197508  -3.12  -3.43  -0.77  -0.94  -2.97  -3.72  -0.16  -3.32  -1.30  -5.06
197509  -2.52  -2.51  -5.79  -1.17  -0.85  -1.24  -3.50  -6.52  -0.96  -6.15
197510  10.55   8.94   5.74  -1.43   8.38   7.11   9.71  10.67   6.51   3.92
197511   4.09   3.39   3.05  -1.74   5.03   4.06   4.46   5.14   3.11   3.54
197512  -1.51  -0.37  -1.32   0.17  -1.25   0.15  -2.99  -6.35   1.33  -0.21
197601  11.00  15.52  16.77   8.33  18.30   9.51   9.18   7.77   8.37  12.87
197602  -1.08   3.80   1.80  -3.25   1.20   3.33   4.59  -6.48  -3.50   2.97
197603   0.72   3.60   1.12   7.41   2.98   0.57   3.60   6.51   1.40   2.08
197604  -1.71   1.95  -1.46   2.13  -3.40   2.03  -4.59  -4.30   0.63  -1.43
197605  -2.18  -3.25  -1.27   5.43   0.54  -3.07  -5.64  -2.80  -1.36  -1.61
197606   3.65   4.17   3.71   5.20   8.20   3.76   1.33   3.65   4.26   5.29
197607   1.52  -1.03  -1.83  -0.67  -2.21   1.29  -2.24  -0.40   2.82  -0.08
197608  -0.28  -1.39  -1.68  -0.87  -0.83   4.52   2.99   2.16   2.91  -1.01
197609   1.54   4.59   1.13   6.19   2.88   1.70   0.33   3.62   4.08   0.94
197610  -1.61  -1.16  -3.27  -2.38  -4.50   1.41  -0.88  -3.75  -0.82  -0.46
197611   1.75  -0.74  -0.40   0.94   1.64   2.61   4.93  -9.67   3.15   2.09
197612   5.25   9.66   5.89   6.18   3.84   3.49   2.42   6.28   6.55   8.34
197701  -4.09  -4.15  -5.97   0.29  -3.89  -0.20  -6.89  -8.83   0.81  -4.10
197702  -1.40  -3.54  -0.74  -2.92  -0.64   1.27  -1.87  -0.22  -3.40  -1.70
197703  -1.36  -3.40  -0.41  -2.10  -0.05  -1.04  -2.63  -1.75   0.14  -0.13
197704   0.52   3.21   0.55   2.56  -3.47   0.42  -3.33  -5.16   1.95   2.14
197705  -0.95  -0.52  -2.94  -0.40  -1.47   1.41  -2.72  -1.88   1.67  -0.73
197706   4.53   4.32   3.40   6.03   7.78   1.55   5.97   9.04   5.72   5.29
197707   1.21  -2.43  -3.55  -1.87  -0.14  -0.71  -0.25  -2.25   0.88  -0.31
197708   0.11  -0.87  -1.18  -5.74   0.50  -2.33   4.56   3.79  -3.24  -1.26
197709   0.26   1.60  -1.03   0.74  -1.80   3.87  -0.64  -0.83   1.99  -0.08
197710  -3.33  -4.47  -4.55  -3.51  -3.19  -5.38  -3.05  -1.70  -3.15  -4.32
197711   4.60   1.95   4.31   3.33   5.22   2.19   5.39   6.02   4.31   6.38
197712   0.00  -0.66   0.71   1.73   2.39   2.32  -1.37   0.60  -0.32   0.62
197801  -5.30  -6.86  -6.04  -6.90  -4.72  -4.21  -6.81  -1.84  -4.57  -4.99
197802   0.14   0.41  -2.66  -1.09  -3.48   4.60  -0.47  -3.01  -0.40  -0.08
197803   4.14   6.11   3.95   1.98  -0.69   2.83   2.79   4.16   2.48   5.27
197804   6.90   9.68  11.47   6.87  13.33   3.21  10.90   9.19   0.26   9.24
197805   4.26   0.13   4.08   0.82   1.63  -0.50   1.23   5.27   0.71   2.55
197806  -0.25  -2.86  -1.39  -3.90  -0.35  -1.56  -1.80   1.10   0.82  -0.19
197807   3.56   4.63   7.84   3.33   8.59   1.44   5.02   8.87   2.77   6.44
197808   4.12   2.88   3.94   5.10   6.02   3.57   5.64   1.00   0.46   6.28
197809  -0.40  -0.45  -2.12   4.76  -4.16   1.47  -2.56  -2.77  -0.24  -1.23
197810 -11.55 -11.18 -11.34 -10.58 -10.82  -4.70 -14.13 -12.86  -7.10 -13.89
197811   2.21   0.78   3.01   6.17   5.08   3.40   2.69   5.16   3.07   2.37
197812   1.74  -0.56   1.46   2.86   6.44  -0.05  -0.67   3.41  -1.24   1.30
197901   4.20   4.99   6.54   3.26   4.32   3.81   5.74   1.41   6.34   5.99
197902  -3.51  -3.54  -4.45   0.45  -3.29  -0.67  -4.36  -4.50  -1.60  -3.22
197903   4.07   6.60   7.38   9.14   7.61   0.29   5.84   5.07   2.39   8.05
197904   0.22   3.00  -0.47   4.27   0.34  -2.56   0.70   0.45  -2.71   1.57
197905  -1.79  -0.78  -2.23  -2.60  -1.98   0.19  -2.67  -2.67   1.44  -0.24
197906   3.29   2.98   3.61   9.20   0.49   2.14   2.87   4.81   4.97   6.82
197907   2.06   2.05   2.04   1.70  -1.53  -0.24   1.07   0.14   2.12   3.31
197908   7.54   4.70   7.64   7.93   5.95   1.63   8.86   8.55   2.05   5.78
197909  -1.91   0.42  -0.80   5.84  -1.77  -2.42  -0.80  -0.51  -2.14  -0.72
197910  -7.67  -9.42  -8.82  -2.42  -7.74  -4.75  -8.79  -4.39  -5.80 -10.10
197911   5.15  -2.36   4.78   8.89   8.17   4.08   3.84   8.75   7.78   6.93
197912   3.38   3.38   4.52   2.69   1.81  -1.39   3.00   2.13  -0.91   4.02
198001   3.11   9.05   7.08  14.13   7.40  -2.47   0.93  -1.32   1.60   5.43
198002  -4.79  -6.29  -2.50  12.59  -3.56  -1.07  -4.81  -4.58  -3.35  -3.35
198003  -8.15  -8.75 -11.81 -17.80 -12.69  -2.77  -8.43  -2.81  -6.68 -12.13
198004   6.52  -1.91   3.27   6.84   0.74   7.27   3.32   4.31  11.96   5.95
198005   7.88   4.30   6.28   4.06   4.80   4.86  10.70   6.96   4.61   8.02
198006   2.99   2.78   2.28   5.78   3.03  -0.83   2.32   0.27   4.57   5.11
198007   7.74  11.75  10.91   1.65  15.49   0.94  10.56   8.87  -0.17   6.68
198008   1.46   1.45   1.64   3.79   3.67   5.57   2.09   0.26  -1.24   2.78
198009   0.21   0.97   2.84   6.82   2.00  -1.54   1.07   3.60   0.04   3.65
198010   0.29  -1.73   0.25   7.98   1.96  -2.82  -1.54  -1.28   2.04   1.46
198011   0.94   4.78   8.29  24.59   9.79  -0.05   2.85   8.64   7.63   7.18
198012   1.04  -1.15  -2.00 -10.88  -1.19   0.09  -1.41   4.75  -1.91  -0.71
198101   2.03  -2.20  -1.90 -10.37  -8.05   6.23   0.46  -1.56  -2.56  -2.39
198102   2.50   6.40   4.37  -0.47   0.47   2.29   2.82   1.91  -1.32   1.64
198103   6.95   7.06   5.97  -2.50   5.00   1.41  12.64   5.91   3.04   8.28
198104   1.12   1.80  -0.89  -7.45   0.15   6.37   2.99   3.07  -2.58   1.01
198105   2.64   2.89  -0.30  -3.97   4.22   7.32   2.65   3.46   1.76   2.50
198106  -0.21  -4.23  -1.31   4.77  -6.66  -2.28  -1.56  -5.59   3.14  -0.83
198107  -0.66  -2.98  -2.79   7.99  -3.77   0.05  -3.31  -3.86   2.99  -2.43
198108  -5.10  -7.84  -6.89  -6.46  -7.25  -1.36  -5.28  -7.74  -0.58  -5.33
198109  -2.18  -2.97  -7.13 -12.33  -3.89   2.95  -3.88  -1.27  -5.32  -5.52
198110   7.51  -4.15   3.68  10.20   5.16   5.35   6.85   8.01   4.99   7.36
198111   2.69   4.82   4.54   6.85   1.56   2.54   0.89   3.59   5.77   4.86
198112  -1.80   0.42  -1.62  -6.52  -0.03  -1.51  -2.08  -0.79  -2.28  -3.52
198201  -0.93   1.21  -3.25  -8.60   2.77   0.78   0.03   1.41  -0.50  -3.14
198202  -1.98  -1.94  -5.63 -10.98  -5.23  -5.55  -1.34  -1.78  -0.14  -3.59
198203   2.44   3.64  -1.68  -3.61  -3.57   2.41   4.14  -2.58   1.65  -1.39
198204   6.62   4.47   3.17   4.56   7.44  -0.84   5.45   7.33   3.82   3.96
198205  -3.22  -1.81  -4.66   2.46  -5.42  -1.05  -2.81  -3.05  -0.58  -5.52
198206   1.69   2.69  -2.53  -6.46  -2.32  -2.55   3.06  -0.73  -2.21  -2.49
198207  -0.46  -0.39  -2.26  -8.11   1.54   1.18   0.18   0.83  -2.73  -3.04
198208   9.20  13.75  13.94   9.66  12.78  10.83  12.50  12.34  11.93  10.82
198209   5.29  -0.72  -1.00   2.14   1.21   1.04   4.54   1.28   1.20   4.15
198210  10.47  16.56  13.02   5.59  16.99   8.18  16.65   8.62   4.88  15.23
198211   5.13   8.22   5.90  -4.38  10.70   6.01  10.73   5.45   0.12   7.67
198212   0.89   3.15   0.71   5.45   2.66  -1.23  -1.60   0.56   4.25  -1.29
198301  -0.98   5.11   4.96   3.62   8.39  12.34   1.54   1.40   3.58   2.77
198302   3.74   3.56   4.11  -0.44   3.57  -0.30   8.20   2.86   1.39   4.50
198303   7.46  -1.07   2.08   5.99   0.69   0.71   8.49   4.49   0.34   5.01
198304   6.26  11.01   6.38   9.52   7.50   5.13   8.72   4.97   4.73   8.39
198305  -1.00  -2.16   1.99   1.25   2.73  -1.28   0.50  -2.61   2.55   2.51
198306   2.95  10.40   1.56   6.50   6.14   0.23   5.97   6.79  -0.43   1.77
198307  -2.74  -3.66  -2.57  -2.40  -5.32  -5.18  -3.40  -5.69   1.04  -3.36
198308   0.63  -2.48   0.73   7.38  -1.07   2.20  -4.89  -1.06   1.60  -0.77
198309   4.75   4.43   2.29  -4.99   2.13   2.27   2.37   1.17   4.67   1.75
198310  -0.20   0.36  -2.26  -2.09  -6.90  -5.22  -1.36  -2.13   3.09  -3.77
198311   2.31   4.12   6.46  -0.59   2.30   3.17   4.37  -3.03  -1.65   4.44
198312  -0.28   0.97  -1.13   1.81   0.39  -1.52  -4.60  -3.66  -3.68  -0.97
198401  -0.69  -5.40  -3.53  10.09  -6.18   4.06  -5.90  -0.55   1.57  -1.34
198402  -5.57  -6.09  -6.67   4.00  -5.93  -3.70  -4.76  -2.06  -3.35  -4.52
198403   1.62   0.37   3.33   0.22   1.79  -4.21   1.15  -0.69  -0.18   2.49
198404   0.53   1.30  -0.10   4.16  -0.42   2.19   0.13   2.49  -0.32  -1.94
198405  -2.52  -5.57  -5.74  -5.13  -5.55  -3.49  -5.29  -6.70  -0.81  -6.71
198406   6.29   1.99   3.23  -2.26   1.80  12.27   7.15   3.93   0.50   2.38
198407  -1.65   2.59  -1.38  -7.13  -2.35   2.88   0.18  -4.15  -0.02  -1.77
198408   8.76  10.00  11.84  13.62  13.84   7.15   9.80  10.20   7.67  10.69
198409   1.24  -0.13  -2.30   2.10  -3.94   4.04   0.39  -4.24   4.84   2.27
198410   1.26   2.15   0.88  -4.53  -0.58  -3.52  -0.73   1.65   3.39   0.81
198411   0.41  -2.99  -1.28  -1.03  -3.86   0.46  -2.75  -0.35   3.07  -0.22
198412   2.76   4.59   2.60  -0.64   2.39   5.33   1.10   2.72   2.63   3.46
198501   5.33   9.82   8.97   6.46  12.59   5.25  13.28   8.57   2.33   9.66
198502   5.09  -1.59   0.97   3.88  -1.32   3.37   2.21   3.32   1.40   2.17
198503   4.52  -5.24  -2.73   1.53  -6.04   4.45  -0.65   2.86   6.09   0.10
198504  -1.97  -3.45  -1.42   3.87  -3.63  -0.71   0.00  -1.71   1.63   1.58
198505   7.90   5.93   6.42   0.60   2.86   8.35   9.47   9.51   5.53   6.23
198506   2.65   1.50   2.19  -0.80  -0.72   4.50   1.57   2.25   3.68   3.09
198507  -2.48   2.39   3.47  -0.29   4.45  -4.54  -3.88  -0.40  -4.78  -0.08
198508   0.83  -2.62  -1.12   1.29  -2.52   0.52  -0.97  -0.80   2.03  -0.14
198509  -0.99  -3.25  -3.99  -1.59  -4.76  -4.20  -4.45  -3.90  -5.29  -4.46
198510   3.62   0.87   3.28   6.41   3.05   4.07   6.83   3.19   6.27   6.33
198511   8.66   9.98   8.04   0.53   8.66   7.39   7.94   9.78   4.24   6.83
198512   5.36   7.18   4.55  -2.63   8.30   6.21   4.58   3.48   4.84   3.95
198601   2.18   2.19   1.56  -6.75  -0.29  -3.94   1.89   1.13   3.80   3.17
198602  10.60  10.92  10.29   0.63   4.96   7.38   7.58   6.08   6.50   8.52
198603   8.02   7.92   6.08  -0.11  -0.09   3.80   8.58  12.05   4.02   5.50
198604   0.24  -3.53  -1.76   0.70   3.89   2.43  -0.16   0.72  -3.58  -2.26
198605   8.72   3.21   4.50   7.08   0.97   4.81   9.70   7.24   3.66   4.73
198606   6.13  -1.26  -0.07  -1.96  -3.95   5.43   3.37   5.66   5.17   1.70
198607  -5.84  -9.04  -7.32  -5.46  -8.34  -3.02  -9.79  -5.41   5.14  -5.84
198608   2.92   7.52   6.28  16.36   6.98   6.87   1.97   3.96   7.90   6.85
198609 -10.86  -8.18  -6.78  -0.43  -7.08  -9.29  -8.70 -13.95  -9.09  -8.55
198610   8.78   6.49   6.63   2.05   0.60   4.66   7.62   7.66   5.25   3.80
198611   0.67   4.83   2.87   2.99   3.52   3.94   1.81   1.14   0.54  -0.59
198612  -3.32  -2.19  -1.94  -0.14  -3.70  -3.72  -6.40  -1.57  -3.30  -2.41
198701  14.49  18.81  14.53  14.25  16.44   5.32  10.69  12.84   9.30  11.18
198702   5.79   3.47   4.91  -1.93   9.43   0.04   9.69  11.33  -2.15   4.90
198703   0.79   4.63   3.34  12.38   2.67   1.43   1.73   0.15  -1.66   0.36
198704  -3.68   4.08  -1.31   0.08   4.40  -2.42  -3.07  -2.42  -4.33  -3.82
198705   2.47  -1.41   0.24   2.90   0.28   3.33  -0.29   1.20  -1.85  -0.04
198706   6.69   2.98   4.91   5.80   0.02   7.04   6.38   4.64   3.39   4.08
198707   5.61   6.96   6.96   3.93   0.98   7.25   5.77   5.75  -1.68   3.21
198708   4.15   5.68   2.89   1.90   7.40   5.29   3.26   1.96   3.71   3.98
198709  -2.46  -3.98   0.21  -3.90  -2.71   3.08  -6.04  -2.49  -2.30  -1.96
198710 -21.47 -26.93 -27.27 -18.73 -25.94 -13.62 -28.78 -20.58  -6.95 -22.15
198711  -8.58  -8.53  -5.19 -10.96  -9.81  -8.70  -8.53  -9.27  -2.52  -6.37
198712   7.87   8.61  10.78   6.64  11.84   4.67   8.26   5.29   0.58   4.99
198801   2.70   4.49   0.28   8.72  -2.44   8.64   5.92   6.36   9.76   6.87
198802   6.39   6.27   7.55   3.79   7.48   1.69  10.48   4.21  -1.43   3.96
198803  -1.31  -4.18  -1.29   2.89  -4.70  -3.32  -1.01  -2.59  -3.17  -1.44
198804  -0.11   2.91   1.59   4.34   2.57   0.34   1.66  -2.01  -0.29   0.03
198805  -0.77   1.23  -0.37  -0.26  -1.33   1.65  -1.45  -0.26   3.59   0.97
198806   3.15   8.26   7.54  -1.95   9.41   2.87   6.91   2.67   3.23   5.47
198807   1.61  -0.83  -2.33   3.49  -5.11   0.02  -0.77   0.55  -0.25  -0.42
198808  -0.22  -6.68  -4.38  -1.49  -8.19  -3.05  -2.64  -1.15  -0.14  -0.62
198809   6.50   3.89   3.53  -2.40   2.78   7.36   8.09   3.83   2.71   3.82
198810   8.19   3.33   0.70   1.82   0.00   2.80   1.73   1.21   2.54   0.11
198811  -1.13  -0.95  -2.15  -0.30  -3.15   0.34  -2.81  -2.18  -0.46  -2.04
198812   3.49   0.25   3.04   1.82   4.90   1.63   1.41   1.80   1.02   0.96
198901   5.64   7.60   7.46   6.32   7.11   8.96   6.43   6.79   2.76   6.71
198902  -1.42  -3.00  -1.97  -1.32  -3.78  -1.22  -1.75  -1.13  -1.82  -0.21
198903   5.42  -1.40   1.20   3.81  -5.50   5.56   2.86   4.93   0.58   3.18
198904   5.71   0.47   5.37   2.61   5.21   9.63   5.29   5.47   3.91   4.63
198905   5.38   2.30   3.53   2.83   2.39   5.80   5.16   3.59   5.34   3.89
198906   1.49   1.27  -2.68  -0.96  -3.25  -0.02  -1.89  -2.84   3.41   0.81
198907  11.97   5.11   7.55   3.76   2.85   8.57   9.16  13.89   5.80   7.75
198908  -2.02   5.43   4.40   3.33   2.53   1.02   2.71   0.37  -0.81   3.49
198909  -0.53  -4.60  -2.50   1.42  -2.73   3.81  -2.30   2.38   0.48   1.66
198910  -2.47  -5.71  -4.32   0.45  -4.48  -2.03  -4.07   0.39   1.01  -4.60
198911   1.66  -1.18   3.02   3.91  -1.83   2.00   1.36   4.53   3.22   0.06
198912   1.34  -1.45   2.91   5.83  -1.12   5.73   1.26   1.05   4.79  -1.25
199001  -9.42  -3.84  -6.29  -4.14  -1.18 -13.40  -6.23  -7.37  -5.35  -8.41
199002  -0.41   5.13   2.46   2.98   4.08  -0.34   1.94  -2.06   0.22   2.60
199003   4.56   2.90   3.89  -0.50   4.50   4.18   5.29   3.86  -0.75  -0.24
199004  -0.28  -4.04  -2.65  -3.57  -1.98  -3.46  -1.87   0.29  -5.50  -3.37
199005   9.05   7.76   8.05   5.91  12.50   9.40  11.69  12.76   5.42   8.85
199006   2.06  -2.25  -0.50  -2.03  -1.23  -4.70   1.60   4.44   0.74  -1.61
199007  -0.80  -3.48   0.47   8.21  -7.53  -4.59  -4.01   2.59   0.88  -3.46
199008  -7.37 -14.28 -11.94  -1.23 -12.04 -10.72 -12.14  -6.82  -6.64 -11.24
199009  -4.09 -10.58  -8.09  -1.58  -6.67   1.30  -8.25  -4.35   0.48  -9.85
199010   2.50  -3.22  -1.50  -4.14  -3.31   2.80  -3.03   1.43   7.24  -5.84
199011   6.54   4.11   7.15   1.66  11.26   3.10  10.37   9.45   2.30  10.30
199012   4.41  -0.44   4.86  -2.18   4.15   1.75   3.39   2.75   0.80   5.38
199101   5.13   7.29   6.57  -2.00  15.11   0.18   9.41   4.53  -1.37   7.44
199102  10.27  10.24   5.84   8.33   6.39   3.41   8.04   9.85   4.83   9.55
199103   4.79   1.16   1.48   1.30   0.72   2.34   8.61   5.43   1.71   3.10
199104  -0.97  -2.35   0.34   2.48  -2.90   1.13   1.95  -1.12  -0.03   1.33
199105   3.59  14.72   7.45  -1.41   3.57  -1.45   7.53   4.62   0.16   4.95
199106  -4.95  -4.46  -4.21  -3.66  -8.84  -1.90  -4.18  -4.16  -2.37  -5.16
199107   5.65  -0.41   3.46   4.91   4.77   3.20   5.39   8.44   3.99   4.77
199108   5.40  -2.13   1.92   1.73   2.84   0.84   3.68   2.86   3.53   3.06
199109  -3.28  -2.68  -2.24  -0.70  -1.26   0.55  -3.24  -0.41   3.73  -0.54
199110  -0.65  -1.99   1.26   2.00   2.08   2.11  -1.96   6.64   1.23   2.34
199111  -0.52  -7.97  -5.32  -7.62  -4.36  -4.92  -1.21  -2.56   1.89  -5.25
199112  14.62   7.64  11.20   2.00   9.12   9.83  13.00  16.47   5.01  12.41
199201  -3.07  10.49   2.61  -4.23   6.63  -2.62   0.34  -5.55  -4.58   2.16
199202   1.05  12.28   1.97  -0.50   3.89  -1.21   2.60  -2.59  -1.23   3.25
199203  -1.58   0.79  -1.17  -2.71  -5.20  -0.98  -1.33  -5.47  -0.53  -2.10
199204   0.72   7.90   3.26   9.50  -1.01   6.85  -3.48  -2.15   2.68   0.57
199205   1.39  -1.92  -0.69   3.20   0.05  -1.70   0.18   1.09   2.54   1.57
199206  -2.86   2.16  -2.89  -3.47  -4.09   1.24  -1.90  -4.69   0.54   0.07
199207   4.62   0.36   2.83   5.30   3.00   5.37   3.84   5.73   6.69   3.23
199208   0.84  -9.44  -3.39   2.53  -4.55  -1.05  -0.55  -3.31  -0.49  -3.35
199209   1.04   0.28   1.81   0.12   3.38   1.81   4.04  -4.90   0.82   3.45
199210  -0.89   0.01   0.90  -3.48   2.06  -0.53   4.31   3.33  -0.42   2.98
199211   3.66   8.66   3.41  -2.67   6.37   4.29   7.20   4.87  -0.24   6.00
199212   0.07   3.36   1.38   2.01  -0.02   5.58   0.62  -1.40   2.70   3.83
199301  -0.73   9.38  -0.03   2.74   4.83   1.16   0.04  -6.77   2.45   3.28
199302  -2.11  -0.34   1.53   6.00  -0.33   5.72  -1.52  -8.94   6.21   0.42
199303   0.10   5.45   2.26   4.08   2.20   3.26   2.77   0.81   1.77   3.91
199304  -9.28   2.32   0.15   1.11  -3.67  -2.87  -8.15   1.31  -0.15  -3.22
199305   2.73   1.17   2.21   1.76   8.84   4.23   5.87   3.62  -0.06   1.70
199306  -0.70   3.34  -0.46  -1.08  -0.42   4.64  -2.88  -2.93   3.18   2.23
199307  -2.29   1.68  -0.21   0.50  -3.89   2.15   0.66  -5.99   1.95   2.06
199308   4.22   0.50   3.39   4.18   6.35   5.47   3.98   3.06   3.67   3.46
199309  -1.77   0.82  -1.65   1.50   1.35  -0.47  -0.33   0.92  -0.63   1.69
199310   6.05   7.51   2.95  -1.90   1.58   2.61   4.62   6.00  -1.96  -2.28
199311   0.70   0.84   1.28  -5.80   0.00  -6.04   0.68   1.11  -5.51  -2.80
199312   1.59   4.51   3.85   0.49   2.96  -0.43  -2.09   2.48   1.61   2.61
199401  -0.46   6.96   5.02   4.92   4.73   2.01   0.64   1.93  -1.22   4.41
199402  -1.35  -4.36  -0.76  -2.95   1.68  -5.54   1.98  -5.56  -4.95  -3.90
199403  -4.07  -6.42  -4.38  -3.62  -3.89  -3.73  -4.61  -6.72  -3.93  -4.29
199404   1.24  -0.45   0.27   4.12  -1.57   1.42   0.27   2.40   2.11   1.32
199405  -1.34  -2.78   2.04   0.85   2.09   1.67  -1.90   4.36  -5.35   3.02
199406  -1.78  -3.43  -2.63  -2.75  -5.24   0.71  -2.63  -3.69  -3.13  -2.62
199407   2.99   3.71   4.57   3.33   3.87   3.20   0.79   1.04   5.16   2.67
199408   6.02  -0.22   4.73   0.00   9.34   1.16   4.55  10.72   0.66   3.51
199409  -0.32  -5.06  -1.55  -2.11  -0.51  -1.09  -2.29   1.72  -2.78  -4.21
199410   2.13  -1.48   0.66   7.34   7.27  -0.09   1.21   0.88   1.56   0.05
199411  -1.66  -5.07  -5.51  -4.85  -2.14  -5.45  -3.38   0.44   0.26  -5.16
199412   1.33   3.83   4.25  -0.94   2.47   0.91  -2.83   0.53   0.35   1.43
199501   1.89  -5.84  -0.38   0.39  -0.82   4.20   1.55   6.15   6.23   4.70
199502   3.02   5.06   5.14   4.50   6.77   1.51   2.67   2.24   0.82   4.88
199503   2.70   1.42   3.77   5.21   4.53   0.28   3.50   2.69  -1.75   1.93
199504   1.85   1.41   2.92   2.31   8.29   1.59  -1.66   3.07   2.38   1.65
199505   4.72   4.84   3.30   4.02   3.05   0.63   2.73   1.63   6.01   4.47
199506   1.78   0.84   2.00  -3.14   9.81   3.87   4.96   4.47  -0.46   2.19
199507   1.23   2.64   3.85   2.30   7.90   5.14   3.53   5.32  -0.38   4.82
199508   0.68   0.72  -0.58  -1.70  -0.09   4.33  -2.76   1.03   0.98   3.69
199509   6.72  -0.52   2.39   1.35   1.25   5.63   2.82   7.45   6.24   4.54
199510   0.39  -4.78  -2.79  -0.20   1.48  -0.12  -5.51   1.15   1.48  -2.04
199511   4.50   5.45   6.04   4.75  -0.74   2.67   6.17   4.94   1.56   6.14
199512   1.64   3.15   1.31   5.68  -4.21   3.93  -0.82   5.94   5.06   1.10
199601   2.65   3.49   3.19  -0.34   1.93   2.34  -0.36   5.95   1.91   3.54
199602   3.14   2.02   0.80   1.09   6.35  -2.19   4.33  -1.08  -2.58   2.16
199603  -0.93   4.29   3.24   4.92  -3.45  -1.87   5.98   0.24  -0.47   1.72
199604   0.11   3.54   1.72   3.42  10.06   2.71   4.26  -0.61  -2.59   0.24
199605   6.58   2.24   2.24   0.51   3.87   0.06   4.43   3.94   1.35   1.53
199606   3.27  -4.93  -0.28   0.87  -4.93   0.44  -1.64  -0.19   5.21  -0.29
199607  -4.10  -4.18  -4.09  -4.64  -7.56  -8.55  -7.57  -6.05  -5.82  -4.31
199608  -0.73   3.16   3.11   2.92   4.43  -0.92   5.82   4.19   2.89   3.90
199609   3.71   2.38   5.99   3.99  10.59   1.52   3.52   7.34   0.67   5.06
199610   1.78   0.15   1.65   5.80  -1.25  -0.73  -2.25  -0.69   3.61   3.94
199611   5.17   6.01   6.07   5.53  12.04   5.65   3.09   6.68   2.61   7.53
199612   0.52  -3.20  -0.13   0.77  -2.57   2.63  -3.51  -2.66   0.14  -1.77
199701   5.53   3.16   4.11   4.30   9.41   2.34   0.18   9.59   0.90   5.99
199702   4.12   0.35   0.76  -5.58  -7.47   2.28   3.05   0.95  -0.57   2.65
199703  -5.14  -3.93  -3.63   5.20  -5.54  -7.59  -1.32  -7.43  -2.76  -5.88
199704   5.26   2.30   5.11   0.09   8.20   2.54   2.19   6.14  -1.39   5.18
199705   5.91   6.66   7.75   7.27  10.14   6.64   6.06   6.92   3.77   6.28
199706   3.58   3.92   5.11   1.29   1.35   3.78   5.03   8.89   3.06   5.41
199707   3.38   7.80   7.06   7.42  15.98   2.69   7.77   2.06   2.82   9.22
199708  -6.26   1.21  -5.57   0.21  -1.32  -2.48  -2.56  -6.14  -1.16  -4.73
199709   5.60   5.27   3.29   6.32   3.47   9.65   5.16   6.61   4.65   7.91
199710  -3.14  -3.23  -5.75  -2.06  -8.42   3.07  -2.18   0.27   0.94  -2.65
199711   6.46  -1.59   4.21  -3.49   1.46  10.49   5.34   2.86   7.13   3.02
199712   3.77   4.39  -0.42  -1.49  -4.21   4.52  -0.27   3.54   7.97   5.31
199801  -2.89   0.53   0.41  -5.68   5.24   4.71   0.95   5.74  -4.37  -2.07
199802   5.06  12.55   7.08   6.81  10.43   2.66  10.46   5.45   2.65   8.10
199803   5.71   6.31   4.77   4.73   1.30   9.80   6.57   3.58   6.77   5.85
199804  -3.15   1.05   1.10   3.77   5.12  -3.05  -0.38   1.94  -2.51   1.80
199805   1.10   7.24  -2.25  -4.17  -6.97  -1.52   2.14  -2.50  -0.88  -3.08
199806   3.79   1.79  -0.62  -1.31   8.78   3.19   4.79   6.16   2.84   3.08
199807  -4.02  -1.16  -5.91  -6.68   0.50   3.79  -3.10  -0.22  -5.34  -1.75
199808 -13.03 -19.38 -14.14 -10.29 -17.60 -11.81 -14.25 -12.26   2.25 -21.38
199809   1.46   1.56   0.55  12.97  15.20  10.14   1.45  12.01   7.98   2.75
199810  10.82  11.68  10.84   1.26   6.32   6.72  10.63   3.86  -1.76   8.80
199811   6.31   4.83   3.75   0.56  11.65   3.69   9.56   6.17   1.35   6.20
199812   0.61   4.30   2.38  -1.17  15.27  14.35   8.97   5.03   2.83   3.41
199901  -3.44   5.52   0.75  -5.51  15.08   8.71   2.40   0.25  -6.26   1.11
199902  -3.74  -4.39  -1.89  -3.12 -11.46  -2.91  -1.52   0.22  -3.78   0.06
199903  -2.00  -0.91   4.98  15.35   8.51  -0.69   2.91   2.55  -1.69   2.49
199904   3.85  10.26   9.07  15.93   2.34   8.29   0.53  -5.54   7.18   6.67
199905   1.28  -5.55  -2.78  -3.10  -0.62   1.04  -2.91  -2.05   6.72  -3.68
199906   0.34   0.56   4.72  -1.49  11.72   5.84   7.88   4.49  -4.29   3.20
199907  -2.46  -6.62  -1.05   1.61  -1.80  -1.61  -5.06  -4.43  -0.61  -6.02
199908  -4.61   1.22  -0.81   1.84   5.45  -7.56  -5.96   3.74   0.62  -5.16
199909  -6.74  -7.88  -2.86  -3.88  -0.19   4.40   1.42  -7.10  -4.31  -4.32
199910   6.42   5.31   5.35  -1.57   3.26   9.51   3.43  10.79   2.17  11.31
199911  -1.23  -2.03  -0.72   3.75  12.91   4.34   4.27   1.50  -7.45  -2.23
199912  -2.49   3.20  10.55   0.65  20.75   4.21   6.63  -5.62  -2.34   1.49
200001  -4.81  -0.75  -7.55   0.89  -4.72  -3.98 -11.25   7.57   5.75  -4.67
200002  -6.22  -8.41  -2.96  -5.56  18.13  -3.46  -3.77  -2.67  -7.26  -6.98
200003   7.79  10.70   5.81  12.17   4.00   7.53  13.47   0.11   5.77  14.09
200004  -1.83   9.51   1.30  -1.96 -10.69  -7.90  -4.45   5.17   7.60  -3.40
200005   7.25 -13.35  -1.54   9.50 -10.86 -10.45  -2.64   3.98   3.90   3.41
200006   2.38  -9.49  -1.09  -5.27  13.04   4.21  -2.34  11.54  -4.76  -2.82
200007   0.83   4.59  -0.61  -2.57  -5.18  -7.39  -1.38  -6.20   4.43   5.59
200008  -1.82   7.90   6.90   8.77  12.53  -1.06  -2.44   3.62  11.72   8.98
200009   3.42  -3.71  -5.94   4.51 -15.01  -4.00   2.72   3.68   9.63   0.40
200010   7.62   1.86   4.58  -2.92  -7.31  -0.38  -1.44   2.60  -2.24  -0.94
200011   2.79 -11.32  -3.68  -2.62 -23.38 -15.56  -1.37   0.76   3.10  -5.94
200012   5.45   1.45   7.08   7.64  -7.96  -4.19   5.63   3.54   6.58   7.24
200101  -1.90  13.43  -0.06  -3.39  16.56  14.22   6.60  -8.95 -10.77   0.00
200102   0.19  -1.25  -4.28   0.06 -26.02  -9.94  -5.38  -0.48   6.24  -4.29
200103  -4.66  -2.81  -7.31  -0.18 -13.60  -5.83  -2.86  -8.46   1.64  -4.13
200104   0.91   8.18   8.47  10.12  17.98   2.68   5.61   4.02   5.47   5.81
200105   3.36  -2.85   2.87   0.11  -3.32  -1.31   1.59   3.02   0.01   3.71
200106  -1.60   3.52  -4.42  -7.55   1.47  -3.05  -2.50  -2.83  -6.22   0.07
200107  -0.14   3.18   0.54  -2.29  -7.58  -0.72   4.56   2.28  -3.66  -2.34
200108   2.52 -11.14  -1.96  -3.49 -12.67  -9.26  -6.98  -3.12   0.42  -5.38
200109  -2.56 -16.87 -12.72  -5.61 -18.93  -2.46  -9.62  -0.61  -6.39  -8.29
200110   1.07   1.19   3.84   4.65  15.70  -9.42   1.65   1.20   1.40  -0.52
200111   2.08  15.18   8.36  -4.08  15.92   6.03  10.15   5.03  -1.63   7.95
200112   2.01  -0.77   2.64   5.96  -0.61   2.75   4.51  -2.88   3.85   3.26
200201   1.92   2.79   1.69  -2.88  -0.57  -7.22   2.77  -2.35  -4.07  -2.91
200202   4.36   3.17   4.25   5.41 -13.22  -2.39  -0.09  -0.51  -0.26  -0.48
200203   3.73   6.70   4.99   7.66   6.43   0.33   2.03   0.47  10.04   5.32
200204   2.66   1.99  -1.49  -4.57 -11.78 -12.70  -1.39  -7.60  -0.56  -3.73
200205   1.45  -0.45  -0.28  -0.73  -3.80   2.98  -1.28  -2.23  -6.47  -0.44
200206  -5.77  -8.39  -3.06  -0.11 -12.21 -14.40  -5.09  -9.61  -5.36  -5.44
200207  -6.72 -11.98  -8.48 -11.86  -9.57 -11.69 -11.31  -2.60 -12.30  -6.44
200208   2.49   0.44  -1.29   0.60  -0.85   0.34   1.90   0.67   3.38   1.07
200209  -7.68 -11.16  -8.26  -8.04 -16.75  -9.32  -9.40  -5.85 -10.86 -10.72
200210   5.26  -2.83   3.83   3.25  19.36  21.34   5.70   5.69  -0.68   6.41
200211  -1.28  12.02   6.13   3.08  16.17  11.83   1.93   3.70   1.62   4.64
200212   0.00  -6.90  -3.77   0.83 -13.02  -9.07  -6.94  -4.07   3.84  -4.98
200301  -4.79  -3.57  -4.03  -2.42  -1.47  -3.48  -4.77  -0.59  -3.17  -2.31
200302  -3.08  -4.86  -2.19   2.01   1.28  -6.44  -1.21  -1.94  -3.92  -2.60
200303  -2.68  -2.67   1.35   1.32  -0.99  -0.57   4.61   3.80   4.35   0.77
200304   4.69  15.16   6.27  -0.49   9.22  11.16   8.90   4.33   7.44  11.78
200305   9.22   2.79   4.67   8.77   9.73   6.23   3.41   3.92  10.11   5.31
200306   1.57   2.19   0.55  -1.15   0.25   1.96   3.46   4.10   0.66   0.94
200307  -2.33   6.65   4.89  -2.61   5.63  -1.62   3.32   0.63  -5.25   3.58
200308   0.66   8.08   4.12   6.24   6.08   1.39   6.75  -2.54   1.91   0.63
200309   1.11  -4.23  -3.70  -2.28  -0.89  -5.66  -4.53   0.23   3.91   0.30
200310   5.59   7.23   8.80   1.60   8.24   6.69   9.03   0.72   1.58   6.41
200311   3.78   3.11   2.06   0.61   1.90  -0.63   0.58   1.63   0.95   1.09
200312   3.31  11.96   6.74  13.49   2.12   7.36  -2.13   5.69   5.81   4.50
200401   0.13  -0.96  -0.67   0.33   4.48   1.43   0.46   3.03   1.91   2.71
200402   4.28  -0.23   2.00   4.64  -2.92  -0.79   6.08   0.90   2.06   2.00
200403  -0.30  -1.13  -0.20  -0.10  -2.57  -2.42   0.30  -3.90   1.16  -0.58
200404   1.51   2.52  -0.21   2.51  -4.90  -0.49  -2.68   3.57  -3.51  -3.85
200405  -2.19  -1.57   1.61   0.47   4.84  -2.90   0.27  -0.38   1.28   2.07
200406   1.87   5.45   5.33   5.46   2.63   0.60   0.07  -0.38   2.01   1.54
200407  -5.81  -4.78  -4.06   3.34  -8.53  -1.30  -3.98  -5.89   0.99  -2.48
200408   0.83  -2.38   1.31  -1.33  -4.59   1.29  -1.15   1.66   3.61   1.88
200409  -1.76   2.62   1.89   8.79   3.43   1.35   2.58  -1.41   1.36   1.21
200410   2.87  -2.84  -1.38   0.69   5.12   3.42   3.08  -2.40   4.18   1.24
200411   4.52   7.10   7.16   6.47   5.76   3.46   3.61   0.66   5.04   5.00
200412   4.80   4.89   2.59  -2.19   3.09   4.33   3.43   5.66   2.41   4.43
200501  -0.08  -6.81  -1.76   3.01  -6.34  -3.91  -1.08  -4.06   1.70  -2.41
200502   0.60  -0.45   4.09  19.14   0.07  -0.15   0.86   2.47   2.32   0.09
200503  -0.88  -7.65  -1.45  -3.37  -2.50  -0.11   0.00  -0.42   0.58  -2.32
200504  -1.02 -11.16  -4.75  -5.74  -4.44  -1.98  -5.34   3.95   2.01  -1.73
200505   2.27   8.75   2.89   2.10   8.21   1.45   6.39   1.46   1.80   3.20
200506  -1.61   1.97  -1.18   5.81  -1.67   0.19   2.47  -0.56   5.59   1.42
200507   2.41   5.30   5.78   6.18   6.04   2.98   5.83   3.73   2.99   2.50
200508   0.10  -2.79  -1.43   5.72  -0.38  -1.16  -5.57  -0.31   1.16  -1.80
200509   0.25  -4.88   0.77   7.09   0.77  -1.49  -1.75  -1.95   4.39   1.23
200510  -1.81  -4.26  -2.43 -10.06  -1.57  -3.23   1.63  -3.25  -6.84   1.10
200511   1.01   2.29   5.31   1.24   6.48   2.61   4.00   1.57  -0.19   4.98
200512  -0.16  -0.77   1.45   0.58  -1.90  -1.59  -0.61   2.41   1.23   0.19
200601   0.18   6.03   5.06  12.62   4.07   3.76   1.98   2.20   3.05   1.39
200602   1.15  -0.59   1.19  -8.21  -1.30   3.34   1.44   1.09   0.22   1.07
200603   1.23   2.68   2.96   4.13   2.96   1.83   2.41  -0.98  -3.65   1.86
200604   1.03   0.57   4.00   4.72  -1.10   1.68  -1.66  -1.90   1.85   2.20
200605   1.30   0.43  -3.31  -3.47  -6.98  -0.30  -1.93  -2.19   1.52  -3.19
200606  -0.08   2.02  -0.50   2.66  -1.22   2.90   0.27  -0.15   2.41  -0.33
200607   3.52  -3.15  -3.61   4.83  -3.87   2.31  -4.29   4.24   4.85  -1.12
200608   2.91   2.08   2.18  -3.39   7.42   2.34   2.02   2.27   2.33   1.63
200609  -0.29   4.32   1.91  -3.72   3.70   3.37   5.77   1.67  -2.14   3.30
200610   2.81   5.14   4.25   5.17   4.25   5.35   3.90   1.63   5.34   2.90
200611   1.26   1.67   3.64   8.56   3.15   0.80  -1.32   0.04   3.02   1.69
200612   1.78  -0.98   0.66  -2.17  -1.05   4.23   1.48   0.08   0.69   3.24
200701   1.24   2.41   3.28  -1.23   2.14   2.98   3.54   3.51   0.36   1.10
200702  -1.71  -0.28   0.69  -2.18  -2.50  -2.52  -0.84  -2.79   4.26  -2.25
200703   2.41  -1.16   1.63   5.99   0.88   2.32   0.74  -0.22   4.36  -0.29
200704   3.63   6.41   4.47   5.37   4.97   2.01   2.24   6.83   3.94   3.37
200705   2.76   3.44   4.76   7.08   4.09   6.81   2.52   1.10   1.19   3.19
200706  -1.19   2.31  -0.49   0.92   0.71  -1.71  -1.93  -3.40  -4.77  -2.73
200707  -4.25  -5.94  -0.12  -1.08  -1.09  -3.07  -5.39  -4.04  -3.84  -5.56
200708   1.60  -1.95   0.89   0.25   2.74  -0.85   1.35   2.33   1.92   0.91

